image_id condition group n_subj n_yes item_type distinct_rating distinct_type prop_yes resp_type HS_preds
3 0 1 18 4 0 3.17 0 0.2368421052631578 0 0.5360095656672379
3 0 2 14 8 1 3.17 0 0.5666666666666667 1 0.6889052156655937
4 0 1 18 8 0 3.18 0 0.4473684210526316 0 0.5168007770122743
4 0 2 14 7 1 3.18 0 0.5 1 0.6774436752657517
6 0 1 18 17 1 3.17 0 0.9210526315789472 1 0.7013593744258225
6 0 2 14 6 0 3.17 0 0.4333333333333333 0 0.5087696945192952
8 0 1 18 15 1 1.95 0 0.8157894736842105 1 0.7508660794280061
8 0 2 14 8 0 1.95 0 0.5666666666666667 0 0.5736097483121699
9 0 1 18 12 0 2.49 0 0.6578947368421053 0 0.65334988348616
9 0 2 14 13 1 2.49 0 0.9 1 0.7000310317346886
10 0 1 18 12 1 3.15 0 0.6578947368421053 1 0.7014733268312212
10 0 2 14 6 0 3.15 0 0.4333333333333333 0 0.4633502471455702
17 0 1 18 15 1 1.92 0 0.8157894736842105 1 0.7499416364292257
17 0 2 14 10 0 1.92 0 0.7 0 0.6246541186093857
18 0 1 18 14 1 1.84 0 0.7631578947368421 1 0.7492700792510885
18 0 2 14 9 0 1.84 0 0.6333333333333333 0 0.6325515756560938
24 0 1 18 3 0 2.31 0 0.1842105263157894 0 0.5508115782573045
24 0 2 14 6 1 2.31 0 0.4333333333333333 1 0.677532903573045
25 0 1 18 14 1 1.89 0 0.7631578947368421 1 0.7611189697835863
25 0 2 14 11 0 1.89 0 0.7666666666666667 0 0.6361084726733374
26 0 1 18 5 0 2.76 0 0.2894736842105263 0 0.5299665678062861
26 0 2 14 7 1 2.76 0 0.5 1 0.7052216227383236
29 0 1 18 5 0 2.68 0 0.2894736842105263 0 0.5125312274357976
29 0 2 14 11 1 2.68 0 0.7666666666666667 1 0.6984186335278787
33 0 1 18 11 0 2.97 0 0.6052631578947368 0 0.5885058004457777
33 0 2 14 10 1 2.97 0 0.7 1 0.6931424464483147
35 0 1 18 16 1 3.14 0 0.868421052631579 1 0.6994933472778119
35 0 2 14 11 0 3.14 0 0.7666666666666667 0 0.4961260987155002
36 0 1 18 16 1 2.98 0 0.868421052631579 1 0.69267700763411
36 0 2 14 11 0 2.98 0 0.7666666666666667 0 0.4961167011459615
37 0 1 18 16 1 3.08 0 0.868421052631579 1 0.6942029118830927
37 0 2 14 12 0 3.08 0 0.8333333333333334 0 0.439520105997207
42 0 1 18 14 0 2.84 0 0.7631578947368421 0 0.4772899231467174
42 0 2 14 11 1 2.84 0 0.7666666666666667 1 0.6584437906864319
47 0 1 18 12 0 3.05 0 0.6578947368421053 0 0.4336447482451274
47 0 2 14 12 1 3.05 0 0.8333333333333334 1 0.6754094973673361
50 0 1 18 6 0 2.73 0 0.3421052631578947 0 0.5940970231541843
50 0 2 14 8 1 2.73 0 0.5666666666666667 1 0.7088925961319141
56 0 1 18 10 1 3.02 0 0.5526315789473685 1 0.6826050654302854
56 0 2 14 8 0 3.02 0 0.5666666666666667 0 0.4607467622637222
59 0 1 18 11 1 1.99 0 0.6052631578947368 1 0.7437308694588257
59 0 2 14 4 0 1.99 0 0.3 0 0.5936098039568838
60 0 1 18 6 0 2.6 0 0.3421052631578947 0 0.60769150859563
60 0 2 14 8 1 2.6 0 0.5666666666666667 1 0.6986484640965596
62 0 1 18 7 0 2.95 0 0.3947368421052631 0 0.4071562848344773
62 0 2 14 8 1 2.95 0 0.5666666666666667 1 0.6664526238660751
64 0 1 18 8 1 2.52 0 0.4473684210526316 1 0.6343408838423364
64 0 2 14 6 0 2.52 0 0.4333333333333333 0 0.5582330614612524
85 0 1 18 14 1 7.32 1 0.7631578947368421 1 0.6798820802722079
85 0 2 14 1 0 7.32 1 0.1 0 0.1404688498160022
86 0 1 18 2 0 8.01 1 0.131578947368421 0 0.0770041065163398
86 0 2 14 11 1 8.01 1 0.7666666666666667 1 0.7244146225063517
99 0 1 18 1 0 7.24 1 0.0789473684210526 0 0.1426459049902652
99 0 2 14 9 1 7.24 1 0.6333333333333333 1 0.7118877181963245
106 0 1 18 10 1 7.66 1 0.5526315789473685 1 0.6872668105963267
106 0 2 14 1 0 7.66 1 0.1 0 0.168978280720265
107 0 1 18 4 0 7.11 1 0.2368421052631578 0 0.102925497613469
107 0 2 14 9 1 7.11 1 0.6333333333333333 1 0.7102631074521654
112 0 1 18 13 1 7.03 1 0.7105263157894737 1 0.6787076937610353
112 0 2 14 2 0 7.03 1 0.1666666666666666 0 0.1917646095374534
125 0 1 18 1 0 7.28 1 0.0789473684210526 0 0.1398573058850064
125 0 2 14 6 1 7.28 1 0.4333333333333333 1 0.7133790550561875
129 0 1 18 10 0 3.25 0 0.5526315789473685 0 0.4501327579542269
129 0 2 14 10 1 3.25 0 0.7 1 0.6460188513591207
136 0 1 18 13 1 3.1 0 0.7105263157894737 1 0.6793928441607969
136 0 2 14 4 0 3.1 0 0.3 0 0.3486053703724218
139 0 1 18 10 1 1.74 0 0.5526315789473685 1 0.6931649932986836
139 0 2 14 8 0 1.74 0 0.5666666666666667 0 0.4712202823612747
140 0 1 18 9 1 2.97 0 0.5 1 0.6823900164717938
140 0 2 14 1 0 2.97 0 0.1 0 0.3986562608381512
141 0 1 18 9 0 3.12 0 0.5 0 0.3569390828647253
141 0 2 14 10 1 3.12 0 0.7 1 0.6769231777860577
142 0 1 18 12 0 3.22 0 0.6578947368421053 0 0.3611934457399307
142 0 2 14 12 1 3.22 0 0.8333333333333334 1 0.6781969649507077
149 0 1 18 10 0 3.02 0 0.5526315789473685 0 0.5214175130070079
149 0 2 14 7 1 3.02 0 0.5 1 0.6950130534020941
152 0 1 18 11 0 1.38 0 0.6052631578947368 0 0.5901792723210515
152 0 2 14 7 1 1.38 0 0.5 1 0.671131078280707
154 0 1 18 11 0 2.88 0 0.6052631578947368 0 0.4798763057027657
154 0 2 14 11 1 2.88 0 0.7666666666666667 1 0.6573110635652305
155 0 1 18 16 1 1.73 0 0.868421052631579 1 0.7678560160027992
155 0 2 14 11 0 1.73 0 0.7666666666666667 0 0.6189156788731526
158 0 1 18 10 1 2.59 0 0.5526315789473685 1 0.6747854424421363
158 0 2 14 4 0 2.59 0 0.3 0 0.4207506915472775
160 0 1 18 14 1 2.19 0 0.7631578947368421 1 0.7217563026428577
160 0 2 14 6 0 2.19 0 0.4333333333333333 0 0.479877446522355
197 0 1 18 14 1 2.97 0 0.7631578947368421 1 0.6496080135899202
197 0 2 14 11 0 2.97 0 0.7666666666666667 0 0.4470374132637719
198 0 1 18 13 1 2.65 0 0.7105263157894737 1 0.6809793069481038
198 0 2 14 5 0 2.65 0 0.3666666666666666 0 0.4481892475536862
202 0 1 18 16 0 3.09 0 0.868421052631579 0 0.4682956512734154
202 0 2 14 9 1 3.09 0 0.6333333333333333 1 0.6825705506877026
205 0 1 18 13 1 3.26 0 0.7105263157894737 1 0.6313165543810187
205 0 2 14 6 0 3.26 0 0.4333333333333333 0 0.468770520938296
206 0 1 18 14 0 3.41 0 0.7631578947368421 0 0.4252444491844522
206 0 2 14 12 1 3.41 0 0.8333333333333334 1 0.6741545631167881
207 0 1 18 8 0 3.11 0 0.4473684210526316 0 0.4072647957495579
207 0 2 14 12 1 3.11 0 0.8333333333333334 1 0.6517995898346
226 0 1 18 7 0 3.2 0 0.3947368421052631 0 0.4906855181889898
226 0 2 14 13 1 3.2 0 0.9 1 0.6554958126774745
227 0 1 18 5 0 2.67 0 0.2894736842105263 0 0.4273392462710215
227 0 2 14 12 1 2.67 0 0.8333333333333334 1 0.6384451506479861
228 0 1 18 12 1 3.15 0 0.6578947368421053 1 0.6593485815233991
228 0 2 14 10 0 3.15 0 0.7 0 0.4595959906912489
230 0 1 18 7 1 3.4 0 0.3947368421052631 1 0.671454469330418
230 0 2 14 9 0 3.4 0 0.6333333333333333 0 0.4501568045152003
238 0 1 18 10 0 3.31 0 0.5526315789473685 0 0.6029632652307617
238 0 2 14 10 1 3.31 0 0.7 1 0.6978274504235065
240 0 1 18 16 1 2.57 0 0.868421052631579 1 0.7590833019394054
240 0 2 14 11 0 2.57 0 0.7666666666666667 0 0.6181944904805959
258 0 1 18 9 0 2.89 0 0.5 0 0.6792581774079428
258 0 2 14 9 1 2.89 0 0.6333333333333333 1 0.7639377798409452
259 0 1 18 12 1 2.5 0 0.6578947368421053 1 0.7019323516047309
259 0 2 14 8 0 2.5 0 0.5666666666666667 0 0.4980374766373683
261 0 1 18 13 0 2.14 0 0.7105263157894737 0 0.5958943803658796
261 0 2 14 9 1 2.14 0 0.6333333333333333 1 0.7130457297066359
263 0 1 18 11 1 2.59 0 0.6052631578947368 1 0.6473570817579688
263 0 2 14 8 0 2.59 0 0.5666666666666667 0 0.4476278993192756
266 0 1 18 13 1 2.6 0 0.7105263157894737 1 0.7162058370801558
266 0 2 14 4 0 2.6 0 0.3 0 0.5987043700626881
269 0 1 18 14 0 2.8 0 0.7631578947368421 0 0.5941587668182785
269 0 2 14 9 1 2.8 0 0.6333333333333333 1 0.6944612632013747
277 0 1 18 15 1 2.23 0 0.8157894736842105 1 0.7491093258394167
277 0 2 14 7 0 2.23 0 0.5 0 0.5664871197982806
279 0 1 18 8 0 1.97 0 0.4473684210526316 0 0.6044280516480465
279 0 2 14 12 1 1.97 0 0.8333333333333334 1 0.7216399465488844
280 0 1 18 15 1 2.15 0 0.8157894736842105 1 0.7729318650051827
280 0 2 14 10 0 2.15 0 0.7 0 0.6453839595043463
284 0 1 18 10 0 1.92 0 0.5526315789473685 0 0.5434471667415203
284 0 2 14 7 1 1.92 0 0.5 1 0.6774918998439313
285 0 1 18 14 1 2.27 0 0.7631578947368421 1 0.7066190637337775
285 0 2 14 5 0 2.27 0 0.3666666666666666 0 0.5387469878328742
287 0 1 18 11 0 2.19 0 0.6052631578947368 0 0.5998264989076116
287 0 2 14 12 1 2.19 0 0.8333333333333334 1 0.6626042282239654
307 0 1 18 15 1 1.87 0 0.8157894736842105 1 0.7628533442597307
307 0 2 14 9 0 1.87 0 0.6333333333333333 0 0.6491827808946032
308 0 1 18 17 0 2.2 0 0.9210526315789472 0 0.6702822007237653
308 0 2 14 11 1 2.2 0 0.7666666666666667 1 0.753101123639618
314 0 1 18 12 0 1.94 0 0.6578947368421053 0 0.7075671719263809
314 0 2 14 13 1 1.94 0 0.9 1 0.7585999452364549
315 0 1 18 12 1 2.75 0 0.6578947368421053 1 0.6907809561538873
315 0 2 14 7 0 2.75 0 0.5 0 0.5748134960701936
318 0 1 18 12 0 2.58 0 0.6578947368421053 0 0.6537171700903344
318 0 2 14 11 1 2.58 0 0.7666666666666667 1 0.7470065414785372
319 0 1 18 14 1 2.13 0 0.7631578947368421 1 0.7323092915171382
319 0 2 14 12 0 2.13 0 0.8333333333333334 0 0.679842850696399
347 0 1 18 11 1 6.7 1 0.6052631578947368 1 0.657621243911068
347 0 2 14 1 0 6.7 1 0.1 0 0.0934227908070499
362 0 1 18 12 1 7.17 1 0.6578947368421053 1 0.6760024795290237
362 0 2 14 1 0 7.17 1 0.1 0 0.1485983253698556
365 0 1 18 1 0 6.57 1 0.0789473684210526 0 0.1106629780026958
365 0 2 14 13 1 6.57 1 0.9 1 0.692830340236865
373 0 1 18 12 1 7.32 1 0.6578947368421053 1 0.6765418371853578
373 0 2 14 2 0 7.32 1 0.1666666666666666 0 0.1594152474420616
382 0 1 18 1 0 6.86 1 0.0789473684210526 0 0.0908285995573473
382 0 2 14 9 1 6.86 1 0.6333333333333333 1 0.7021710168331337
385 0 1 18 5 0 1.43 0 0.2894736842105263 0 0.6057336166710181
385 0 2 14 6 1 1.43 0 0.4333333333333333 1 0.7034694575597139
391 0 1 18 14 0 1.73 0 0.7631578947368421 0 0.7087630206157611
391 0 2 14 7 1 1.73 0 0.5 1 0.7400086167309122
396 0 1 18 11 1 1.85 0 0.6052631578947368 1 0.7545873551179397
396 0 2 14 8 0 1.85 0 0.5666666666666667 0 0.6581319417309401
397 0 1 18 16 1 1.77 0 0.868421052631579 1 0.7393066014381291
397 0 2 14 11 0 1.77 0 0.7666666666666667 0 0.5440260191405905
398 0 1 18 10 1 1.43 0 0.5526315789473685 1 0.6982457917956573
398 0 2 14 9 0 1.43 0 0.6333333333333333 0 0.6185332049556825
400 0 1 18 8 0 1.71 0 0.4473684210526316 0 0.6209341080649744
400 0 2 14 6 1 1.71 0 0.4333333333333333 1 0.7092934206128356
420 0 1 18 11 1 7.61 1 0.6052631578947368 1 0.6992243319896067
420 0 2 14 3 0 7.61 1 0.2333333333333333 0 0.2566189810555324
433 0 1 18 14 1 7.18 1 0.7631578947368421 1 0.6850894339281328
433 0 2 14 5 0 7.18 1 0.3666666666666666 0 0.2073606025254142
445 0 1 18 0 0 7.58 1 0.0263157894736842 0 0.1335110933995477
445 0 2 14 9 1 7.58 1 0.6333333333333333 1 0.7279686583545075
447 0 1 18 4 0 7.79 1 0.2368421052631578 0 0.1577363194649448
447 0 2 14 13 1 7.79 1 0.9 1 0.733179353868924
451 0 1 18 14 1 1.86 0 0.7631578947368421 1 0.6726158754098333
451 0 2 14 5 0 1.86 0 0.3666666666666666 0 0.5628412651375172
452 0 1 18 11 0 1.8 0 0.6052631578947368 0 0.59440344145888
452 0 2 14 9 1 1.8 0 0.6333333333333333 1 0.7157035213082515
456 0 1 18 6 0 1.5 0 0.3421052631578947 0 0.4601310027369869
456 0 2 14 10 1 1.5 0 0.7 1 0.6472033727116212
459 0 1 18 15 0 1.82 0 0.8157894736842105 0 0.6511095193112129
459 0 2 14 10 1 1.82 0 0.7 1 0.7187667135249493
463 0 1 18 8 1 2.0 0 0.4473684210526316 1 0.6166935061405403
463 0 2 14 6 0 2.0 0 0.4333333333333333 0 0.4444418690368105
464 0 1 18 11 1 1.93 0 0.6052631578947368 1 0.6065487594494291
464 0 2 14 6 0 1.93 0 0.4333333333333333 0 0.3672692635409783
465 0 1 18 10 1 2.7 0 0.5526315789473685 1 0.6883965511088316
465 0 2 14 4 0 2.7 0 0.3 0 0.539432049772415
466 0 1 18 6 0 2.9 0 0.3421052631578947 0 0.5143064466577717
466 0 2 14 5 1 2.9 0 0.3666666666666666 1 0.6987680620524083
467 0 1 18 11 0 1.95 0 0.6052631578947368 0 0.4868957529089315
467 0 2 14 11 1 1.95 0 0.7666666666666667 1 0.6458579939510409
471 0 1 18 8 0 2.73 0 0.4473684210526316 0 0.6105721872771648
471 0 2 14 8 1 2.73 0 0.5666666666666667 1 0.717802182925381
472 0 1 18 14 1 2.55 0 0.7631578947368421 1 0.6624785760861217
472 0 2 14 6 0 2.55 0 0.4333333333333333 0 0.4750968965952209
476 0 1 18 14 1 2.48 0 0.7631578947368421 1 0.6847863648146247
476 0 2 14 8 0 2.48 0 0.5666666666666667 0 0.5471183985461331
