trial_index subject_id group condition task item_type category image_id distinct_rating distinct_type good_subj
1 1038 2 0 0 0 9 129 3.25 0 1
2 1038 2 0 0 0 6 86 8.01 1 1
3 1038 2 0 0 0 10 154 2.88 0 1
4 1038 2 0 0 0 13 207 3.11 0 1
5 1038 2 0 0 0 25 400 1.71 0 1
6 1038 2 0 0 0 28 445 7.58 1 1
7 1038 2 0 0 0 3 42 2.84 0 1
8 1038 2 0 0 0 15 238 3.31 0 1
9 1038 2 0 0 0 4 60 2.6 0 1
10 1038 2 0 0 0 30 467 1.95 0 1
11 1038 2 0 0 0 18 287 2.19 0 1
12 1038 2 0 0 0 9 141 3.12 0 1
13 1038 2 0 0 0 9 142 3.22 0 1
14 1038 2 0 0 0 28 447 7.79 1 1
15 1038 2 0 0 0 18 279 1.97 0 1
16 1038 2 0 0 0 2 26 2.76 0 1
17 1038 2 0 0 0 3 33 2.97 0 1
18 1038 2 0 0 0 2 24 2.31 0 1
19 1038 2 0 0 0 29 452 1.8 0 1
20 1038 2 0 0 0 17 269 2.8 0 1
21 1038 2 0 0 0 23 365 6.57 1 1
22 1038 2 0 0 0 25 385 1.43 0 1
23 1038 2 0 0 0 4 50 2.73 0 1
24 1038 2 0 0 0 20 308 2.2 0 1
25 1038 2 0 0 0 1 4 3.18 0 1
26 1038 2 0 0 0 24 382 6.86 1 1
27 1038 2 0 0 0 8 125 7.28 1 1
28 1038 2 0 0 0 3 47 3.05 0 1
29 1038 2 0 0 0 15 226 3.2 0 1
30 1038 2 0 0 0 7 107 7.11 1 1
31 1038 2 0 0 0 30 471 2.73 0 1
32 1038 2 0 0 0 4 62 2.95 0 1
33 1038 2 0 0 0 1 9 2.49 0 1
34 1038 2 0 0 0 29 459 1.82 0 1
35 1038 2 0 0 0 7 99 7.24 1 1
36 1038 2 0 0 0 1 3 3.17 0 1
37 1038 2 0 0 0 13 206 3.41 0 1
38 1038 2 0 0 0 18 284 1.92 0 1
39 1038 2 0 0 0 10 152 1.38 0 1
40 1038 2 0 0 0 20 318 2.58 0 1
41 1038 2 0 0 0 29 456 1.5 0 1
42 1038 2 0 0 0 17 258 2.89 0 1
43 1038 2 0 0 0 13 202 3.09 0 1
44 1038 2 0 0 0 17 261 2.14 0 1
45 1038 2 0 0 0 25 391 1.73 0 1
46 1038 2 0 0 0 20 314 1.94 0 1
47 1038 2 0 0 0 30 466 2.9 0 1
48 1038 2 0 0 0 10 149 3.02 0 1
49 1038 2 0 0 0 15 227 2.67 0 1
50 1038 2 0 0 0 2 29 2.68 0 1
1 1042 2 0 0 0 25 400 1.71 0 1
2 1042 2 0 0 0 15 226 3.2 0 1
3 1042 2 0 0 0 15 238 3.31 0 1
4 1042 2 0 0 0 24 382 6.86 1 1
5 1042 2 0 0 0 20 308 2.2 0 1
6 1042 2 0 0 0 2 26 2.76 0 1
7 1042 2 0 0 0 7 107 7.11 1 1
8 1042 2 0 0 0 2 24 2.31 0 1
9 1042 2 0 0 0 2 29 2.68 0 1
10 1042 2 0 0 0 1 9 2.49 0 1
11 1042 2 0 0 0 20 314 1.94 0 1
12 1042 2 0 0 0 17 261 2.14 0 1
13 1042 2 0 0 0 4 50 2.73 0 1
14 1042 2 0 0 0 23 365 6.57 1 1
15 1042 2 0 0 0 17 269 2.8 0 1
16 1042 2 0 0 0 29 456 1.5 0 1
17 1042 2 0 0 0 30 466 2.9 0 1
18 1042 2 0 0 0 10 152 1.38 0 1
19 1042 2 0 0 0 4 62 2.95 0 1
20 1042 2 0 0 0 1 4 3.18 0 1
21 1042 2 0 0 0 7 99 7.24 1 1
22 1042 2 0 0 0 3 42 2.84 0 1
23 1042 2 0 0 0 4 60 2.6 0 1
24 1042 2 0 0 0 28 445 7.58 1 1
25 1042 2 0 0 0 17 258 2.89 0 1
26 1042 2 0 0 0 1 3 3.17 0 1
27 1042 2 0 0 0 8 125 7.28 1 1
28 1042 2 0 0 0 10 154 2.88 0 1
29 1042 2 0 0 0 9 129 3.25 0 1
30 1042 2 0 0 0 28 447 7.79 1 1
31 1042 2 0 0 0 9 142 3.22 0 1
32 1042 2 0 0 0 9 141 3.12 0 1
33 1042 2 0 0 0 15 227 2.67 0 1
34 1042 2 0 0 0 30 471 2.73 0 1
35 1042 2 0 0 0 18 287 2.19 0 1
36 1042 2 0 0 0 29 452 1.8 0 1
37 1042 2 0 0 0 10 149 3.02 0 1
38 1042 2 0 0 0 25 391 1.73 0 1
39 1042 2 0 0 0 30 467 1.95 0 1
40 1042 2 0 0 0 13 207 3.11 0 1
41 1042 2 0 0 0 20 318 2.58 0 1
42 1042 2 0 0 0 18 279 1.97 0 1
43 1042 2 0 0 0 25 385 1.43 0 1
44 1042 2 0 0 0 13 206 3.41 0 1
45 1042 2 0 0 0 6 86 8.01 1 1
46 1042 2 0 0 0 29 459 1.82 0 1
47 1042 2 0 0 0 18 284 1.92 0 1
48 1042 2 0 0 0 3 47 3.05 0 1
49 1042 2 0 0 0 3 33 2.97 0 1
50 1042 2 0 0 0 13 202 3.09 0 1
1 1039 2 0 0 0 9 141 3.12 0 1
2 1039 2 0 0 0 10 152 1.38 0 1
3 1039 2 0 0 0 4 60 2.6 0 1
4 1039 2 0 0 0 3 47 3.05 0 1
5 1039 2 0 0 0 10 154 2.88 0 1
6 1039 2 0 0 0 17 258 2.89 0 1
7 1039 2 0 0 0 3 42 2.84 0 1
8 1039 2 0 0 0 15 238 3.31 0 1
9 1039 2 0 0 0 30 467 1.95 0 1
10 1039 2 0 0 0 9 129 3.25 0 1
11 1039 2 0 0 0 24 382 6.86 1 1
12 1039 2 0 0 0 29 456 1.5 0 1
13 1039 2 0 0 0 13 202 3.09 0 1
14 1039 2 0 0 0 3 33 2.97 0 1
15 1039 2 0 0 0 10 149 3.02 0 1
16 1039 2 0 0 0 15 226 3.2 0 1
17 1039 2 0 0 0 2 24 2.31 0 1
18 1039 2 0 0 0 13 207 3.11 0 1
19 1039 2 0 0 0 18 279 1.97 0 1
20 1039 2 0 0 0 29 452 1.8 0 1
21 1039 2 0 0 0 17 269 2.8 0 1
22 1039 2 0 0 0 2 29 2.68 0 1
23 1039 2 0 0 0 25 400 1.71 0 1
24 1039 2 0 0 0 13 206 3.41 0 1
25 1039 2 0 0 0 23 365 6.57 1 1
26 1039 2 0 0 0 4 50 2.73 0 1
27 1039 2 0 0 0 1 9 2.49 0 1
28 1039 2 0 0 0 1 3 3.17 0 1
29 1039 2 0 0 0 29 459 1.82 0 1
30 1039 2 0 0 0 28 445 7.58 1 1
31 1039 2 0 0 0 7 107 7.11 1 1
32 1039 2 0 0 0 6 86 8.01 1 1
33 1039 2 0 0 0 1 4 3.18 0 1
34 1039 2 0 0 0 20 318 2.58 0 1
35 1039 2 0 0 0 4 62 2.95 0 1
36 1039 2 0 0 0 18 287 2.19 0 1
37 1039 2 0 0 0 20 314 1.94 0 1
38 1039 2 0 0 0 25 385 1.43 0 1
39 1039 2 0 0 0 8 125 7.28 1 1
40 1039 2 0 0 0 18 284 1.92 0 1
41 1039 2 0 0 0 2 26 2.76 0 1
42 1039 2 0 0 0 15 227 2.67 0 1
43 1039 2 0 0 0 30 466 2.9 0 1
44 1039 2 0 0 0 7 99 7.24 1 1
45 1039 2 0 0 0 25 391 1.73 0 1
46 1039 2 0 0 0 17 261 2.14 0 1
47 1039 2 0 0 0 9 142 3.22 0 1
48 1039 2 0 0 0 20 308 2.2 0 1
49 1039 2 0 0 0 30 471 2.73 0 1
50 1039 2 0 0 0 28 447 7.79 1 1
1 1025 2 0 0 0 1 9 2.49 0 1
2 1025 2 0 0 0 25 391 1.73 0 1
3 1025 2 0 0 0 3 42 2.84 0 1
4 1025 2 0 0 0 3 47 3.05 0 1
5 1025 2 0 0 0 1 3 3.17 0 1
6 1025 2 0 0 0 28 445 7.58 1 1
7 1025 2 0 0 0 30 471 2.73 0 1
8 1025 2 0 0 0 10 152 1.38 0 1
9 1025 2 0 0 0 7 99 7.24 1 1
10 1025 2 0 0 0 29 452 1.8 0 1
11 1025 2 0 0 0 3 33 2.97 0 1
12 1025 2 0 0 0 13 202 3.09 0 1
13 1025 2 0 0 0 6 86 8.01 1 1
14 1025 2 0 0 0 2 29 2.68 0 1
15 1025 2 0 0 0 17 269 2.8 0 1
16 1025 2 0 0 0 28 447 7.79 1 1
17 1025 2 0 0 0 23 365 6.57 1 1
18 1025 2 0 0 0 9 141 3.12 0 1
19 1025 2 0 0 0 13 206 3.41 0 1
20 1025 2 0 0 0 17 258 2.89 0 1
21 1025 2 0 0 0 25 385 1.43 0 1
22 1025 2 0 0 0 18 284 1.92 0 1
23 1025 2 0 0 0 24 382 6.86 1 1
24 1025 2 0 0 0 29 459 1.82 0 1
25 1025 2 0 0 0 20 318 2.58 0 1
26 1025 2 0 0 0 29 456 1.5 0 1
27 1025 2 0 0 0 1 4 3.18 0 1
28 1025 2 0 0 0 4 50 2.73 0 1
29 1025 2 0 0 0 18 279 1.97 0 1
30 1025 2 0 0 0 30 466 2.9 0 1
31 1025 2 0 0 0 13 207 3.11 0 1
32 1025 2 0 0 0 15 238 3.31 0 1
33 1025 2 0 0 0 4 62 2.95 0 1
34 1025 2 0 0 0 10 149 3.02 0 1
35 1025 2 0 0 0 15 226 3.2 0 1
36 1025 2 0 0 0 8 125 7.28 1 1
37 1025 2 0 0 0 15 227 2.67 0 1
38 1025 2 0 0 0 30 467 1.95 0 1
39 1025 2 0 0 0 2 24 2.31 0 1
40 1025 2 0 0 0 20 314 1.94 0 1
41 1025 2 0 0 0 10 154 2.88 0 1
42 1025 2 0 0 0 18 287 2.19 0 1
43 1025 2 0 0 0 25 400 1.71 0 1
44 1025 2 0 0 0 20 308 2.2 0 1
45 1025 2 0 0 0 7 107 7.11 1 1
46 1025 2 0 0 0 4 60 2.6 0 1
47 1025 2 0 0 0 9 129 3.25 0 1
48 1025 2 0 0 0 2 26 2.76 0 1
49 1025 2 0 0 0 17 261 2.14 0 1
50 1025 2 0 0 0 9 142 3.22 0 1
1 1020 2 0 0 0 15 227 2.67 0 1
2 1020 2 0 0 0 9 141 3.12 0 1
3 1020 2 0 0 0 9 142 3.22 0 1
4 1020 2 0 0 0 10 154 2.88 0 1
5 1020 2 0 0 0 29 459 1.82 0 1
6 1020 2 0 0 0 28 447 7.79 1 1
7 1020 2 0 0 0 1 3 3.17 0 1
8 1020 2 0 0 0 23 365 6.57 1 1
9 1020 2 0 0 0 9 129 3.25 0 1
10 1020 2 0 0 0 4 62 2.95 0 1
11 1020 2 0 0 0 7 107 7.11 1 1
12 1020 2 0 0 0 25 400 1.71 0 1
13 1020 2 0 0 0 28 445 7.58 1 1
14 1020 2 0 0 0 18 284 1.92 0 1
15 1020 2 0 0 0 2 24 2.31 0 1
16 1020 2 0 0 0 24 382 6.86 1 1
17 1020 2 0 0 0 13 202 3.09 0 1
18 1020 2 0 0 0 2 29 2.68 0 1
19 1020 2 0 0 0 15 238 3.31 0 1
20 1020 2 0 0 0 7 99 7.24 1 1
21 1020 2 0 0 0 8 125 7.28 1 1
22 1020 2 0 0 0 29 456 1.5 0 1
23 1020 2 0 0 0 29 452 1.8 0 1
24 1020 2 0 0 0 3 42 2.84 0 1
25 1020 2 0 0 0 15 226 3.2 0 1
26 1020 2 0 0 0 20 308 2.2 0 1
27 1020 2 0 0 0 10 152 1.38 0 1
28 1020 2 0 0 0 2 26 2.76 0 1
29 1020 2 0 0 0 17 258 2.89 0 1
30 1020 2 0 0 0 4 60 2.6 0 1
31 1020 2 0 0 0 30 471 2.73 0 1
32 1020 2 0 0 0 1 9 2.49 0 1
33 1020 2 0 0 0 3 47 3.05 0 1
34 1020 2 0 0 0 17 269 2.8 0 1
35 1020 2 0 0 0 25 391 1.73 0 1
36 1020 2 0 0 0 10 149 3.02 0 1
37 1020 2 0 0 0 3 33 2.97 0 1
38 1020 2 0 0 0 6 86 8.01 1 1
39 1020 2 0 0 0 18 279 1.97 0 1
40 1020 2 0 0 0 20 318 2.58 0 1
41 1020 2 0 0 0 25 385 1.43 0 1
42 1020 2 0 0 0 17 261 2.14 0 1
43 1020 2 0 0 0 13 206 3.41 0 1
44 1020 2 0 0 0 30 466 2.9 0 1
45 1020 2 0 0 0 1 4 3.18 0 1
46 1020 2 0 0 0 13 207 3.11 0 1
47 1020 2 0 0 0 30 467 1.95 0 1
48 1020 2 0 0 0 4 50 2.73 0 1
49 1020 2 0 0 0 20 314 1.94 0 1
50 1020 2 0 0 0 18 287 2.19 0 1
1 1036 1 0 0 0 22 347 6.7 1 1
2 1036 1 0 0 0 10 158 2.59 0 1
3 1036 1 0 0 0 17 266 2.6 0 1
4 1036 1 0 0 0 3 36 2.98 0 1
5 1036 1 0 0 0 17 263 2.59 0 1
6 1036 1 0 0 0 27 420 7.61 1 1
7 1036 1 0 0 0 15 228 3.15 0 1
8 1036 1 0 0 0 18 277 2.23 0 1
9 1036 1 0 0 0 20 307 1.87 0 1
10 1036 1 0 0 0 25 397 1.77 0 1
11 1036 1 0 0 0 20 319 2.13 0 1
12 1036 1 0 0 0 9 140 2.97 0 1
13 1036 1 0 0 0 7 112 7.03 1 1
14 1036 1 0 0 0 6 85 7.32 1 1
15 1036 1 0 0 0 29 451 1.86 0 1
16 1036 1 0 0 0 1 8 1.95 0 1
17 1036 1 0 0 0 9 139 1.74 0 1
18 1036 1 0 0 0 2 17 1.92 0 1
19 1036 1 0 0 0 18 285 2.27 0 1
20 1036 1 0 0 0 4 59 1.99 0 1
21 1036 1 0 0 0 25 398 1.43 0 1
22 1036 1 0 0 0 28 433 7.18 1 1
23 1036 1 0 0 0 20 315 2.75 0 1
24 1036 1 0 0 0 25 396 1.85 0 1
25 1036 1 0 0 0 15 240 2.57 0 1
26 1036 1 0 0 0 30 465 2.7 0 1
27 1036 1 0 0 0 29 463 2.0 0 1
28 1036 1 0 0 0 10 155 1.73 0 1
29 1036 1 0 0 0 23 362 7.17 1 1
30 1036 1 0 0 0 1 6 3.17 0 1
31 1036 1 0 0 0 3 37 3.08 0 1
32 1036 1 0 0 0 4 56 3.02 0 1
33 1036 1 0 0 0 29 464 1.93 0 1
34 1036 1 0 0 0 13 198 2.65 0 1
35 1036 1 0 0 0 30 472 2.55 0 1
36 1036 1 0 0 0 9 136 3.1 0 1
37 1036 1 0 0 0 30 476 2.48 0 1
38 1036 1 0 0 0 15 230 3.4 0 1
39 1036 1 0 0 0 4 64 2.52 0 1
40 1036 1 0 0 0 13 197 2.97 0 1
41 1036 1 0 0 0 3 35 3.14 0 1
42 1036 1 0 0 0 10 160 2.19 0 1
43 1036 1 0 0 0 2 18 1.84 0 1
44 1036 1 0 0 0 17 259 2.5 0 1
45 1036 1 0 0 0 18 280 2.15 0 1
46 1036 1 0 0 0 13 205 3.26 0 1
47 1036 1 0 0 0 24 373 7.32 1 1
48 1036 1 0 0 0 2 25 1.89 0 1
49 1036 1 0 0 0 7 106 7.66 1 1
50 1036 1 0 0 0 1 10 3.15 0 1
1 1015 2 0 0 0 23 365 6.57 1 1
2 1015 2 0 0 0 20 308 2.2 0 1
3 1015 2 0 0 0 9 141 3.12 0 1
4 1015 2 0 0 0 13 206 3.41 0 1
5 1015 2 0 0 0 30 467 1.95 0 1
6 1015 2 0 0 0 9 142 3.22 0 1
7 1015 2 0 0 0 3 33 2.97 0 1
8 1015 2 0 0 0 15 227 2.67 0 1
9 1015 2 0 0 0 25 391 1.73 0 1
10 1015 2 0 0 0 20 318 2.58 0 1
11 1015 2 0 0 0 4 50 2.73 0 1
12 1015 2 0 0 0 18 279 1.97 0 1
13 1015 2 0 0 0 18 284 1.92 0 1
14 1015 2 0 0 0 28 447 7.79 1 1
15 1015 2 0 0 0 3 42 2.84 0 1
16 1015 2 0 0 0 2 24 2.31 0 1
17 1015 2 0 0 0 29 459 1.82 0 1
18 1015 2 0 0 0 10 152 1.38 0 1
19 1015 2 0 0 0 29 456 1.5 0 1
20 1015 2 0 0 0 10 154 2.88 0 1
21 1015 2 0 0 0 7 107 7.11 1 1
22 1015 2 0 0 0 25 385 1.43 0 1
23 1015 2 0 0 0 29 452 1.8 0 1
24 1015 2 0 0 0 13 202 3.09 0 1
25 1015 2 0 0 0 9 129 3.25 0 1
26 1015 2 0 0 0 28 445 7.58 1 1
27 1015 2 0 0 0 20 314 1.94 0 1
28 1015 2 0 0 0 30 466 2.9 0 1
29 1015 2 0 0 0 17 269 2.8 0 1
30 1015 2 0 0 0 4 60 2.6 0 1
31 1015 2 0 0 0 1 3 3.17 0 1
32 1015 2 0 0 0 6 86 8.01 1 1
33 1015 2 0 0 0 15 238 3.31 0 1
34 1015 2 0 0 0 24 382 6.86 1 1
35 1015 2 0 0 0 4 62 2.95 0 1
36 1015 2 0 0 0 8 125 7.28 1 1
37 1015 2 0 0 0 15 226 3.2 0 1
38 1015 2 0 0 0 7 99 7.24 1 1
39 1015 2 0 0 0 3 47 3.05 0 1
40 1015 2 0 0 0 30 471 2.73 0 1
41 1015 2 0 0 0 1 9 2.49 0 1
42 1015 2 0 0 0 2 29 2.68 0 1
43 1015 2 0 0 0 13 207 3.11 0 1
44 1015 2 0 0 0 17 258 2.89 0 1
45 1015 2 0 0 0 10 149 3.02 0 1
46 1015 2 0 0 0 17 261 2.14 0 1
47 1015 2 0 0 0 25 400 1.71 0 1
48 1015 2 0 0 0 1 4 3.18 0 1
49 1015 2 0 0 0 2 26 2.76 0 1
50 1015 2 0 0 0 18 287 2.19 0 1
1 1018 1 0 0 0 18 285 2.27 0 0
2 1018 1 0 0 0 24 373 7.32 1 0
3 1018 1 0 0 0 15 230 3.4 0 0
4 1018 1 0 0 0 15 240 2.57 0 0
5 1018 1 0 0 0 13 197 2.97 0 0
6 1018 1 0 0 0 4 56 3.02 0 0
7 1018 1 0 0 0 9 139 1.74 0 0
8 1018 1 0 0 0 20 319 2.13 0 0
9 1018 1 0 0 0 13 205 3.26 0 0
10 1018 1 0 0 0 2 18 1.84 0 0
11 1018 1 0 0 0 9 140 2.97 0 0
12 1018 1 0 0 0 7 106 7.66 1 0
13 1018 1 0 0 0 27 420 7.61 1 0
14 1018 1 0 0 0 28 433 7.18 1 0
15 1018 1 0 0 0 3 36 2.98 0 0
16 1018 1 0 0 0 25 397 1.77 0 0
17 1018 1 0 0 0 4 59 1.99 0 0
18 1018 1 0 0 0 10 160 2.19 0 0
19 1018 1 0 0 0 2 25 1.89 0 0
20 1018 1 0 0 0 30 476 2.48 0 0
21 1018 1 0 0 0 20 315 2.75 0 0
22 1018 1 0 0 0 20 307 1.87 0 0
23 1018 1 0 0 0 25 396 1.85 0 0
24 1018 1 0 0 0 30 472 2.55 0 0
25 1018 1 0 0 0 15 228 3.15 0 0
26 1018 1 0 0 0 1 6 3.17 0 0
27 1018 1 0 0 0 9 136 3.1 0 0
28 1018 1 0 0 0 30 465 2.7 0 0
29 1018 1 0 0 0 4 64 2.52 0 0
30 1018 1 0 0 0 1 8 1.95 0 0
31 1018 1 0 0 0 10 158 2.59 0 0
32 1018 1 0 0 0 18 277 2.23 0 0
33 1018 1 0 0 0 10 155 1.73 0 0
34 1018 1 0 0 0 6 85 7.32 1 0
35 1018 1 0 0 0 17 266 2.6 0 0
36 1018 1 0 0 0 18 280 2.15 0 0
37 1018 1 0 0 0 7 112 7.03 1 0
38 1018 1 0 0 0 13 198 2.65 0 0
39 1018 1 0 0 0 29 451 1.86 0 0
40 1018 1 0 0 0 25 398 1.43 0 0
41 1018 1 0 0 0 22 347 6.7 1 0
42 1018 1 0 0 0 2 17 1.92 0 0
43 1018 1 0 0 0 29 464 1.93 0 0
44 1018 1 0 0 0 17 259 2.5 0 0
45 1018 1 0 0 0 1 10 3.15 0 0
46 1018 1 0 0 0 3 37 3.08 0 0
47 1018 1 0 0 0 29 463 2.0 0 0
48 1018 1 0 0 0 3 35 3.14 0 0
49 1018 1 0 0 0 23 362 7.17 1 0
50 1018 1 0 0 0 17 263 2.59 0 0
1 1031 2 0 0 0 1 9 2.49 0 1
2 1031 2 0 0 0 20 314 1.94 0 1
3 1031 2 0 0 0 3 33 2.97 0 1
4 1031 2 0 0 0 10 149 3.02 0 1
5 1031 2 0 0 0 18 284 1.92 0 1
6 1031 2 0 0 0 3 42 2.84 0 1
7 1031 2 0 0 0 4 60 2.6 0 1
8 1031 2 0 0 0 9 129 3.25 0 1
9 1031 2 0 0 0 1 4 3.18 0 1
10 1031 2 0 0 0 17 269 2.8 0 1
11 1031 2 0 0 0 30 471 2.73 0 1
12 1031 2 0 0 0 18 287 2.19 0 1
13 1031 2 0 0 0 29 456 1.5 0 1
14 1031 2 0 0 0 30 466 2.9 0 1
15 1031 2 0 0 0 10 152 1.38 0 1
16 1031 2 0 0 0 29 459 1.82 0 1
17 1031 2 0 0 0 13 207 3.11 0 1
18 1031 2 0 0 0 28 445 7.58 1 1
19 1031 2 0 0 0 2 24 2.31 0 1
20 1031 2 0 0 0 24 382 6.86 1 1
21 1031 2 0 0 0 20 308 2.2 0 1
22 1031 2 0 0 0 20 318 2.58 0 1
23 1031 2 0 0 0 13 206 3.41 0 1
24 1031 2 0 0 0 9 141 3.12 0 1
25 1031 2 0 0 0 7 107 7.11 1 1
26 1031 2 0 0 0 6 86 8.01 1 1
27 1031 2 0 0 0 2 26 2.76 0 1
28 1031 2 0 0 0 15 226 3.2 0 1
29 1031 2 0 0 0 4 50 2.73 0 1
30 1031 2 0 0 0 7 99 7.24 1 1
31 1031 2 0 0 0 15 227 2.67 0 1
32 1031 2 0 0 0 13 202 3.09 0 1
33 1031 2 0 0 0 2 29 2.68 0 1
34 1031 2 0 0 0 25 385 1.43 0 1
35 1031 2 0 0 0 18 279 1.97 0 1
36 1031 2 0 0 0 17 261 2.14 0 1
37 1031 2 0 0 0 15 238 3.31 0 1
38 1031 2 0 0 0 30 467 1.95 0 1
39 1031 2 0 0 0 3 47 3.05 0 1
40 1031 2 0 0 0 29 452 1.8 0 1
41 1031 2 0 0 0 8 125 7.28 1 1
42 1031 2 0 0 0 17 258 2.89 0 1
43 1031 2 0 0 0 23 365 6.57 1 1
44 1031 2 0 0 0 9 142 3.22 0 1
45 1031 2 0 0 0 25 400 1.71 0 1
46 1031 2 0 0 0 28 447 7.79 1 1
47 1031 2 0 0 0 1 3 3.17 0 1
48 1031 2 0 0 0 10 154 2.88 0 1
49 1031 2 0 0 0 25 391 1.73 0 1
50 1031 2 0 0 0 4 62 2.95 0 1
1 1006 1 0 0 0 2 25 1.89 0 1
2 1006 1 0 0 0 1 10 3.15 0 1
3 1006 1 0 0 0 18 277 2.23 0 1
4 1006 1 0 0 0 23 362 7.17 1 1
5 1006 1 0 0 0 13 197 2.97 0 1
6 1006 1 0 0 0 15 230 3.4 0 1
7 1006 1 0 0 0 18 280 2.15 0 1
8 1006 1 0 0 0 29 463 2.0 0 1
9 1006 1 0 0 0 13 198 2.65 0 1
10 1006 1 0 0 0 7 112 7.03 1 1
11 1006 1 0 0 0 9 140 2.97 0 1
12 1006 1 0 0 0 30 472 2.55 0 1
13 1006 1 0 0 0 1 6 3.17 0 1
14 1006 1 0 0 0 30 476 2.48 0 1
15 1006 1 0 0 0 4 59 1.99 0 1
16 1006 1 0 0 0 25 397 1.77 0 1
17 1006 1 0 0 0 17 263 2.59 0 1
18 1006 1 0 0 0 25 398 1.43 0 1
19 1006 1 0 0 0 30 465 2.7 0 1
20 1006 1 0 0 0 10 158 2.59 0 1
21 1006 1 0 0 0 17 266 2.6 0 1
22 1006 1 0 0 0 2 17 1.92 0 1
23 1006 1 0 0 0 1 8 1.95 0 1
24 1006 1 0 0 0 28 433 7.18 1 1
25 1006 1 0 0 0 7 106 7.66 1 1
26 1006 1 0 0 0 29 464 1.93 0 1
27 1006 1 0 0 0 25 396 1.85 0 1
28 1006 1 0 0 0 2 18 1.84 0 1
29 1006 1 0 0 0 13 205 3.26 0 1
30 1006 1 0 0 0 20 319 2.13 0 1
31 1006 1 0 0 0 9 139 1.74 0 1
32 1006 1 0 0 0 17 259 2.5 0 1
33 1006 1 0 0 0 3 35 3.14 0 1
34 1006 1 0 0 0 24 373 7.32 1 1
35 1006 1 0 0 0 9 136 3.1 0 1
36 1006 1 0 0 0 6 85 7.32 1 1
37 1006 1 0 0 0 15 228 3.15 0 1
38 1006 1 0 0 0 4 56 3.02 0 1
39 1006 1 0 0 0 4 64 2.52 0 1
40 1006 1 0 0 0 27 420 7.61 1 1
41 1006 1 0 0 0 10 155 1.73 0 1
42 1006 1 0 0 0 3 37 3.08 0 1
43 1006 1 0 0 0 15 240 2.57 0 1
44 1006 1 0 0 0 20 315 2.75 0 1
45 1006 1 0 0 0 3 36 2.98 0 1
46 1006 1 0 0 0 22 347 6.7 1 1
47 1006 1 0 0 0 20 307 1.87 0 1
48 1006 1 0 0 0 29 451 1.86 0 1
49 1006 1 0 0 0 18 285 2.27 0 1
50 1006 1 0 0 0 10 160 2.19 0 1
1 1012 2 0 0 0 25 385 1.43 0 0
2 1012 2 0 0 0 10 152 1.38 0 0
3 1012 2 0 0 0 4 60 2.6 0 0
4 1012 2 0 0 0 17 258 2.89 0 0
5 1012 2 0 0 0 20 314 1.94 0 0
6 1012 2 0 0 0 9 142 3.22 0 0
7 1012 2 0 0 0 28 447 7.79 1 0
8 1012 2 0 0 0 17 269 2.8 0 0
9 1012 2 0 0 0 4 62 2.95 0 0
10 1012 2 0 0 0 20 308 2.2 0 0
11 1012 2 0 0 0 30 467 1.95 0 0
12 1012 2 0 0 0 10 149 3.02 0 0
13 1012 2 0 0 0 13 202 3.09 0 0
14 1012 2 0 0 0 1 9 2.49 0 0
15 1012 2 0 0 0 9 141 3.12 0 0
16 1012 2 0 0 0 15 226 3.2 0 0
17 1012 2 0 0 0 20 318 2.58 0 0
18 1012 2 0 0 0 1 4 3.18 0 0
19 1012 2 0 0 0 18 287 2.19 0 0
20 1012 2 0 0 0 2 26 2.76 0 0
21 1012 2 0 0 0 3 33 2.97 0 0
22 1012 2 0 0 0 29 459 1.82 0 0
23 1012 2 0 0 0 23 365 6.57 1 0
24 1012 2 0 0 0 8 125 7.28 1 0
25 1012 2 0 0 0 28 445 7.58 1 0
26 1012 2 0 0 0 10 154 2.88 0 0
27 1012 2 0 0 0 2 29 2.68 0 0
28 1012 2 0 0 0 15 238 3.31 0 0
29 1012 2 0 0 0 6 86 8.01 1 0
30 1012 2 0 0 0 17 261 2.14 0 0
31 1012 2 0 0 0 29 456 1.5 0 0
32 1012 2 0 0 0 7 99 7.24 1 0
33 1012 2 0 0 0 3 42 2.84 0 0
34 1012 2 0 0 0 15 227 2.67 0 0
35 1012 2 0 0 0 18 284 1.92 0 0
36 1012 2 0 0 0 1 3 3.17 0 0
37 1012 2 0 0 0 18 279 1.97 0 0
38 1012 2 0 0 0 24 382 6.86 1 0
39 1012 2 0 0 0 9 129 3.25 0 0
40 1012 2 0 0 0 3 47 3.05 0 0
41 1012 2 0 0 0 7 107 7.11 1 0
42 1012 2 0 0 0 29 452 1.8 0 0
43 1012 2 0 0 0 4 50 2.73 0 0
44 1012 2 0 0 0 25 400 1.71 0 0
45 1012 2 0 0 0 13 207 3.11 0 0
46 1012 2 0 0 0 13 206 3.41 0 0
47 1012 2 0 0 0 30 471 2.73 0 0
48 1012 2 0 0 0 2 24 2.31 0 0
49 1012 2 0 0 0 25 391 1.73 0 0
50 1012 2 0 0 0 30 466 2.9 0 0
1 1033 2 0 0 0 15 226 3.2 0 1
2 1033 2 0 0 0 9 142 3.22 0 1
3 1033 2 0 0 0 20 314 1.94 0 1
4 1033 2 0 0 0 24 382 6.86 1 1
5 1033 2 0 0 0 18 279 1.97 0 1
6 1033 2 0 0 0 28 447 7.79 1 1
7 1033 2 0 0 0 2 29 2.68 0 1
8 1033 2 0 0 0 3 47 3.05 0 1
9 1033 2 0 0 0 2 24 2.31 0 1
10 1033 2 0 0 0 1 4 3.18 0 1
11 1033 2 0 0 0 4 62 2.95 0 1
12 1033 2 0 0 0 6 86 8.01 1 1
13 1033 2 0 0 0 3 42 2.84 0 1
14 1033 2 0 0 0 4 60 2.6 0 1
15 1033 2 0 0 0 7 107 7.11 1 1
16 1033 2 0 0 0 2 26 2.76 0 1
17 1033 2 0 0 0 13 207 3.11 0 1
18 1033 2 0 0 0 10 154 2.88 0 1
19 1033 2 0 0 0 10 149 3.02 0 1
20 1033 2 0 0 0 13 202 3.09 0 1
21 1033 2 0 0 0 17 261 2.14 0 1
22 1033 2 0 0 0 8 125 7.28 1 1
23 1033 2 0 0 0 18 284 1.92 0 1
24 1033 2 0 0 0 13 206 3.41 0 1
25 1033 2 0 0 0 15 238 3.31 0 1
26 1033 2 0 0 0 28 445 7.58 1 1
27 1033 2 0 0 0 25 400 1.71 0 1
28 1033 2 0 0 0 17 258 2.89 0 1
29 1033 2 0 0 0 29 456 1.5 0 1
30 1033 2 0 0 0 10 152 1.38 0 1
31 1033 2 0 0 0 9 141 3.12 0 1
32 1033 2 0 0 0 17 269 2.8 0 1
33 1033 2 0 0 0 3 33 2.97 0 1
34 1033 2 0 0 0 29 452 1.8 0 1
35 1033 2 0 0 0 20 308 2.2 0 1
36 1033 2 0 0 0 4 50 2.73 0 1
37 1033 2 0 0 0 25 385 1.43 0 1
38 1033 2 0 0 0 30 466 2.9 0 1
39 1033 2 0 0 0 9 129 3.25 0 1
40 1033 2 0 0 0 29 459 1.82 0 1
41 1033 2 0 0 0 15 227 2.67 0 1
42 1033 2 0 0 0 18 287 2.19 0 1
43 1033 2 0 0 0 25 391 1.73 0 1
44 1033 2 0 0 0 1 9 2.49 0 1
45 1033 2 0 0 0 23 365 6.57 1 1
46 1033 2 0 0 0 30 471 2.73 0 1
47 1033 2 0 0 0 20 318 2.58 0 1
48 1033 2 0 0 0 7 99 7.24 1 1
49 1033 2 0 0 0 1 3 3.17 0 1
50 1033 2 0 0 0 30 467 1.95 0 1
1 1010 2 0 0 0 4 62 2.95 0 0
2 1010 2 0 0 0 2 26 2.76 0 0
3 1010 2 0 0 0 9 129 3.25 0 0
4 1010 2 0 0 0 9 142 3.22 0 0
5 1010 2 0 0 0 17 261 2.14 0 0
6 1010 2 0 0 0 1 9 2.49 0 0
7 1010 2 0 0 0 20 318 2.58 0 0
8 1010 2 0 0 0 15 238 3.31 0 0
9 1010 2 0 0 0 10 149 3.02 0 0
10 1010 2 0 0 0 25 391 1.73 0 0
11 1010 2 0 0 0 4 60 2.6 0 0
12 1010 2 0 0 0 29 456 1.5 0 0
13 1010 2 0 0 0 10 154 2.88 0 0
14 1010 2 0 0 0 13 207 3.11 0 0
15 1010 2 0 0 0 30 471 2.73 0 0
16 1010 2 0 0 0 17 258 2.89 0 0
17 1010 2 0 0 0 17 269 2.8 0 0
18 1010 2 0 0 0 18 287 2.19 0 0
19 1010 2 0 0 0 2 29 2.68 0 0
20 1010 2 0 0 0 24 382 6.86 1 0
21 1010 2 0 0 0 20 314 1.94 0 0
22 1010 2 0 0 0 28 445 7.58 1 0
23 1010 2 0 0 0 3 47 3.05 0 0
24 1010 2 0 0 0 13 202 3.09 0 0
25 1010 2 0 0 0 23 365 6.57 1 0
26 1010 2 0 0 0 6 86 8.01 1 0
27 1010 2 0 0 0 15 226 3.2 0 0
28 1010 2 0 0 0 8 125 7.28 1 0
29 1010 2 0 0 0 20 308 2.2 0 0
30 1010 2 0 0 0 18 284 1.92 0 0
31 1010 2 0 0 0 4 50 2.73 0 0
32 1010 2 0 0 0 3 33 2.97 0 0
33 1010 2 0 0 0 7 107 7.11 1 0
34 1010 2 0 0 0 25 400 1.71 0 0
35 1010 2 0 0 0 29 452 1.8 0 0
36 1010 2 0 0 0 7 99 7.24 1 0
37 1010 2 0 0 0 2 24 2.31 0 0
38 1010 2 0 0 0 9 141 3.12 0 0
39 1010 2 0 0 0 25 385 1.43 0 0
40 1010 2 0 0 0 30 466 2.9 0 0
41 1010 2 0 0 0 18 279 1.97 0 0
42 1010 2 0 0 0 15 227 2.67 0 0
43 1010 2 0 0 0 1 4 3.18 0 0
44 1010 2 0 0 0 13 206 3.41 0 0
45 1010 2 0 0 0 3 42 2.84 0 0
46 1010 2 0 0 0 29 459 1.82 0 0
47 1010 2 0 0 0 30 467 1.95 0 0
48 1010 2 0 0 0 1 3 3.17 0 0
49 1010 2 0 0 0 28 447 7.79 1 0
50 1010 2 0 0 0 10 152 1.38 0 0
1 1024 1 0 0 0 9 139 1.74 0 0
2 1024 1 0 0 0 10 155 1.73 0 0
3 1024 1 0 0 0 20 319 2.13 0 0
4 1024 1 0 0 0 15 230 3.4 0 0
5 1024 1 0 0 0 30 472 2.55 0 0
6 1024 1 0 0 0 15 240 2.57 0 0
7 1024 1 0 0 0 10 160 2.19 0 0
8 1024 1 0 0 0 2 25 1.89 0 0
9 1024 1 0 0 0 1 6 3.17 0 0
10 1024 1 0 0 0 9 136 3.1 0 0
11 1024 1 0 0 0 30 476 2.48 0 0
12 1024 1 0 0 0 18 285 2.27 0 0
13 1024 1 0 0 0 29 463 2.0 0 0
14 1024 1 0 0 0 7 106 7.66 1 0
15 1024 1 0 0 0 18 280 2.15 0 0
16 1024 1 0 0 0 10 158 2.59 0 0
17 1024 1 0 0 0 9 140 2.97 0 0
18 1024 1 0 0 0 15 228 3.15 0 0
19 1024 1 0 0 0 20 307 1.87 0 0
20 1024 1 0 0 0 20 315 2.75 0 0
21 1024 1 0 0 0 13 198 2.65 0 0
22 1024 1 0 0 0 18 277 2.23 0 0
23 1024 1 0 0 0 2 17 1.92 0 0
24 1024 1 0 0 0 24 373 7.32 1 0
25 1024 1 0 0 0 7 112 7.03 1 0
26 1024 1 0 0 0 28 433 7.18 1 0
27 1024 1 0 0 0 25 397 1.77 0 0
28 1024 1 0 0 0 3 37 3.08 0 0
29 1024 1 0 0 0 4 59 1.99 0 0
30 1024 1 0 0 0 1 10 3.15 0 0
31 1024 1 0 0 0 13 205 3.26 0 0
32 1024 1 0 0 0 23 362 7.17 1 0
33 1024 1 0 0 0 29 451 1.86 0 0
34 1024 1 0 0 0 25 398 1.43 0 0
35 1024 1 0 0 0 17 259 2.5 0 0
36 1024 1 0 0 0 22 347 6.7 1 0
37 1024 1 0 0 0 25 396 1.85 0 0
38 1024 1 0 0 0 1 8 1.95 0 0
39 1024 1 0 0 0 3 36 2.98 0 0
40 1024 1 0 0 0 2 18 1.84 0 0
41 1024 1 0 0 0 17 263 2.59 0 0
42 1024 1 0 0 0 29 464 1.93 0 0
43 1024 1 0 0 0 27 420 7.61 1 0
44 1024 1 0 0 0 6 85 7.32 1 0
45 1024 1 0 0 0 4 56 3.02 0 0
46 1024 1 0 0 0 3 35 3.14 0 0
47 1024 1 0 0 0 30 465 2.7 0 0
48 1024 1 0 0 0 13 197 2.97 0 0
49 1024 1 0 0 0 17 266 2.6 0 0
50 1024 1 0 0 0 4 64 2.52 0 0
1 1023 1 0 0 0 9 139 1.74 0 1
2 1023 1 0 0 0 17 266 2.6 0 1
3 1023 1 0 0 0 25 398 1.43 0 1
4 1023 1 0 0 0 4 64 2.52 0 1
5 1023 1 0 0 0 18 280 2.15 0 1
6 1023 1 0 0 0 15 240 2.57 0 1
7 1023 1 0 0 0 1 6 3.17 0 1
8 1023 1 0 0 0 3 36 2.98 0 1
9 1023 1 0 0 0 6 85 7.32 1 1
10 1023 1 0 0 0 20 319 2.13 0 1
11 1023 1 0 0 0 2 17 1.92 0 1
12 1023 1 0 0 0 4 59 1.99 0 1
13 1023 1 0 0 0 20 315 2.75 0 1
14 1023 1 0 0 0 30 465 2.7 0 1
15 1023 1 0 0 0 20 307 1.87 0 1
16 1023 1 0 0 0 10 155 1.73 0 1
17 1023 1 0 0 0 28 433 7.18 1 1
18 1023 1 0 0 0 29 451 1.86 0 1
19 1023 1 0 0 0 30 476 2.48 0 1
20 1023 1 0 0 0 13 198 2.65 0 1
21 1023 1 0 0 0 3 37 3.08 0 1
22 1023 1 0 0 0 9 140 2.97 0 1
23 1023 1 0 0 0 24 373 7.32 1 1
24 1023 1 0 0 0 23 362 7.17 1 1
25 1023 1 0 0 0 2 25 1.89 0 1
26 1023 1 0 0 0 15 230 3.4 0 1
27 1023 1 0 0 0 25 396 1.85 0 1
28 1023 1 0 0 0 7 106 7.66 1 1
29 1023 1 0 0 0 13 205 3.26 0 1
30 1023 1 0 0 0 4 56 3.02 0 1
31 1023 1 0 0 0 10 160 2.19 0 1
32 1023 1 0 0 0 27 420 7.61 1 1
33 1023 1 0 0 0 7 112 7.03 1 1
34 1023 1 0 0 0 13 197 2.97 0 1
35 1023 1 0 0 0 15 228 3.15 0 1
36 1023 1 0 0 0 2 18 1.84 0 1
37 1023 1 0 0 0 29 464 1.93 0 1
38 1023 1 0 0 0 9 136 3.1 0 1
39 1023 1 0 0 0 10 158 2.59 0 1
40 1023 1 0 0 0 1 10 3.15 0 1
41 1023 1 0 0 0 17 259 2.5 0 1
42 1023 1 0 0 0 22 347 6.7 1 1
43 1023 1 0 0 0 18 285 2.27 0 1
44 1023 1 0 0 0 17 263 2.59 0 1
45 1023 1 0 0 0 1 8 1.95 0 1
46 1023 1 0 0 0 29 463 2.0 0 1
47 1023 1 0 0 0 18 277 2.23 0 1
48 1023 1 0 0 0 3 35 3.14 0 1
49 1023 1 0 0 0 25 397 1.77 0 1
50 1023 1 0 0 0 30 472 2.55 0 1
1 1002 1 0 0 0 13 198 2.65 0 1
2 1002 1 0 0 0 1 10 3.15 0 1
3 1002 1 0 0 0 20 307 1.87 0 1
4 1002 1 0 0 0 17 263 2.59 0 1
5 1002 1 0 0 0 15 230 3.4 0 1
6 1002 1 0 0 0 18 277 2.23 0 1
7 1002 1 0 0 0 30 472 2.55 0 1
8 1002 1 0 0 0 25 397 1.77 0 1
9 1002 1 0 0 0 9 140 2.97 0 1
10 1002 1 0 0 0 9 139 1.74 0 1
11 1002 1 0 0 0 6 85 7.32 1 1
12 1002 1 0 0 0 17 266 2.6 0 1
13 1002 1 0 0 0 18 285 2.27 0 1
14 1002 1 0 0 0 3 37 3.08 0 1
15 1002 1 0 0 0 3 36 2.98 0 1
16 1002 1 0 0 0 20 319 2.13 0 1
17 1002 1 0 0 0 4 59 1.99 0 1
18 1002 1 0 0 0 23 362 7.17 1 1
19 1002 1 0 0 0 10 155 1.73 0 1
20 1002 1 0 0 0 10 160 2.19 0 1
21 1002 1 0 0 0 2 18 1.84 0 1
22 1002 1 0 0 0 29 451 1.86 0 1
23 1002 1 0 0 0 20 315 2.75 0 1
24 1002 1 0 0 0 24 373 7.32 1 1
25 1002 1 0 0 0 1 8 1.95 0 1
26 1002 1 0 0 0 9 136 3.1 0 1
27 1002 1 0 0 0 3 35 3.14 0 1
28 1002 1 0 0 0 25 398 1.43 0 1
29 1002 1 0 0 0 15 228 3.15 0 1
30 1002 1 0 0 0 25 396 1.85 0 1
31 1002 1 0 0 0 13 205 3.26 0 1
32 1002 1 0 0 0 7 106 7.66 1 1
33 1002 1 0 0 0 27 420 7.61 1 1
34 1002 1 0 0 0 30 465 2.7 0 1
35 1002 1 0 0 0 28 433 7.18 1 1
36 1002 1 0 0 0 7 112 7.03 1 1
37 1002 1 0 0 0 29 464 1.93 0 1
38 1002 1 0 0 0 4 64 2.52 0 1
39 1002 1 0 0 0 30 476 2.48 0 1
40 1002 1 0 0 0 2 25 1.89 0 1
41 1002 1 0 0 0 22 347 6.7 1 1
42 1002 1 0 0 0 29 463 2.0 0 1
43 1002 1 0 0 0 10 158 2.59 0 1
44 1002 1 0 0 0 17 259 2.5 0 1
45 1002 1 0 0 0 15 240 2.57 0 1
46 1002 1 0 0 0 1 6 3.17 0 1
47 1002 1 0 0 0 13 197 2.97 0 1
48 1002 1 0 0 0 4 56 3.02 0 1
49 1002 1 0 0 0 18 280 2.15 0 1
50 1002 1 0 0 0 2 17 1.92 0 1
1 1026 2 0 0 0 3 47 3.05 0 0
2 1026 2 0 0 0 7 107 7.11 1 0
3 1026 2 0 0 0 4 50 2.73 0 0
4 1026 2 0 0 0 6 86 8.01 1 0
5 1026 2 0 0 0 29 452 1.8 0 0
6 1026 2 0 0 0 23 365 6.57 1 0
7 1026 2 0 0 0 2 24 2.31 0 0
8 1026 2 0 0 0 25 400 1.71 0 0
9 1026 2 0 0 0 30 467 1.95 0 0
10 1026 2 0 0 0 9 142 3.22 0 0
11 1026 2 0 0 0 1 3 3.17 0 0
12 1026 2 0 0 0 10 152 1.38 0 0
13 1026 2 0 0 0 1 4 3.18 0 0
14 1026 2 0 0 0 24 382 6.86 1 0
15 1026 2 0 0 0 9 129 3.25 0 0
16 1026 2 0 0 0 29 459 1.82 0 0
17 1026 2 0 0 0 20 318 2.58 0 0
18 1026 2 0 0 0 25 391 1.73 0 0
19 1026 2 0 0 0 3 33 2.97 0 0
20 1026 2 0 0 0 4 62 2.95 0 0
21 1026 2 0 0 0 4 60 2.6 0 0
22 1026 2 0 0 0 28 447 7.79 1 0
23 1026 2 0 0 0 28 445 7.58 1 0
24 1026 2 0 0 0 29 456 1.5 0 0
25 1026 2 0 0 0 20 308 2.2 0 0
26 1026 2 0 0 0 8 125 7.28 1 0
27 1026 2 0 0 0 30 471 2.73 0 0
28 1026 2 0 0 0 10 154 2.88 0 0
29 1026 2 0 0 0 30 466 2.9 0 0
30 1026 2 0 0 0 18 284 1.92 0 0
31 1026 2 0 0 0 9 141 3.12 0 0
32 1026 2 0 0 0 17 261 2.14 0 0
33 1026 2 0 0 0 25 385 1.43 0 0
34 1026 2 0 0 0 1 9 2.49 0 0
35 1026 2 0 0 0 17 258 2.89 0 0
36 1026 2 0 0 0 3 42 2.84 0 0
37 1026 2 0 0 0 20 314 1.94 0 0
38 1026 2 0 0 0 15 226 3.2 0 0
39 1026 2 0 0 0 17 269 2.8 0 0
40 1026 2 0 0 0 15 227 2.67 0 0
41 1026 2 0 0 0 10 149 3.02 0 0
42 1026 2 0 0 0 2 26 2.76 0 0
43 1026 2 0 0 0 13 207 3.11 0 0
44 1026 2 0 0 0 7 99 7.24 1 0
45 1026 2 0 0 0 13 202 3.09 0 0
46 1026 2 0 0 0 15 238 3.31 0 0
47 1026 2 0 0 0 2 29 2.68 0 0
48 1026 2 0 0 0 18 279 1.97 0 0
49 1026 2 0 0 0 18 287 2.19 0 0
50 1026 2 0 0 0 13 206 3.41 0 0
1 1017 2 0 0 0 29 459 1.82 0 1
2 1017 2 0 0 0 10 149 3.02 0 1
3 1017 2 0 0 0 23 365 6.57 1 1
4 1017 2 0 0 0 29 452 1.8 0 1
5 1017 2 0 0 0 4 62 2.95 0 1
6 1017 2 0 0 0 10 154 2.88 0 1
7 1017 2 0 0 0 29 456 1.5 0 1
8 1017 2 0 0 0 15 227 2.67 0 1
9 1017 2 0 0 0 10 152 1.38 0 1
10 1017 2 0 0 0 3 42 2.84 0 1
11 1017 2 0 0 0 25 391 1.73 0 1
12 1017 2 0 0 0 3 33 2.97 0 1
13 1017 2 0 0 0 9 141 3.12 0 1
14 1017 2 0 0 0 20 308 2.2 0 1
15 1017 2 0 0 0 4 60 2.6 0 1
16 1017 2 0 0 0 30 467 1.95 0 1
17 1017 2 0 0 0 17 258 2.89 0 1
18 1017 2 0 0 0 17 269 2.8 0 1
19 1017 2 0 0 0 8 125 7.28 1 1
20 1017 2 0 0 0 7 107 7.11 1 1
21 1017 2 0 0 0 2 26 2.76 0 1
22 1017 2 0 0 0 1 3 3.17 0 1
23 1017 2 0 0 0 4 50 2.73 0 1
24 1017 2 0 0 0 24 382 6.86 1 1
25 1017 2 0 0 0 2 24 2.31 0 1
26 1017 2 0 0 0 28 445 7.58 1 1
27 1017 2 0 0 0 1 4 3.18 0 1
28 1017 2 0 0 0 20 314 1.94 0 1
29 1017 2 0 0 0 18 279 1.97 0 1
30 1017 2 0 0 0 25 400 1.71 0 1
31 1017 2 0 0 0 1 9 2.49 0 1
32 1017 2 0 0 0 13 206 3.41 0 1
33 1017 2 0 0 0 15 238 3.31 0 1
34 1017 2 0 0 0 15 226 3.2 0 1
35 1017 2 0 0 0 17 261 2.14 0 1
36 1017 2 0 0 0 30 471 2.73 0 1
37 1017 2 0 0 0 18 287 2.19 0 1
38 1017 2 0 0 0 30 466 2.9 0 1
39 1017 2 0 0 0 20 318 2.58 0 1
40 1017 2 0 0 0 7 99 7.24 1 1
41 1017 2 0 0 0 13 202 3.09 0 1
42 1017 2 0 0 0 18 284 1.92 0 1
43 1017 2 0 0 0 2 29 2.68 0 1
44 1017 2 0 0 0 9 142 3.22 0 1
45 1017 2 0 0 0 9 129 3.25 0 1
46 1017 2 0 0 0 25 385 1.43 0 1
47 1017 2 0 0 0 3 47 3.05 0 1
48 1017 2 0 0 0 28 447 7.79 1 1
49 1017 2 0 0 0 13 207 3.11 0 1
50 1017 2 0 0 0 6 86 8.01 1 1
1 1007 2 0 0 0 20 314 1.94 0 1
2 1007 2 0 0 0 15 227 2.67 0 1
3 1007 2 0 0 0 30 467 1.95 0 1
4 1007 2 0 0 0 2 29 2.68 0 1
5 1007 2 0 0 0 10 154 2.88 0 1
6 1007 2 0 0 0 20 318 2.58 0 1
7 1007 2 0 0 0 3 47 3.05 0 1
8 1007 2 0 0 0 1 4 3.18 0 1
9 1007 2 0 0 0 1 3 3.17 0 1
10 1007 2 0 0 0 13 206 3.41 0 1
11 1007 2 0 0 0 29 452 1.8 0 1
12 1007 2 0 0 0 8 125 7.28 1 1
13 1007 2 0 0 0 18 287 2.19 0 1
14 1007 2 0 0 0 13 202 3.09 0 1
15 1007 2 0 0 0 18 284 1.92 0 1
16 1007 2 0 0 0 29 456 1.5 0 1
17 1007 2 0 0 0 7 99 7.24 1 1
18 1007 2 0 0 0 30 466 2.9 0 1
19 1007 2 0 0 0 4 60 2.6 0 1
20 1007 2 0 0 0 9 141 3.12 0 1
21 1007 2 0 0 0 3 42 2.84 0 1
22 1007 2 0 0 0 23 365 6.57 1 1
23 1007 2 0 0 0 25 391 1.73 0 1
24 1007 2 0 0 0 9 142 3.22 0 1
25 1007 2 0 0 0 10 152 1.38 0 1
26 1007 2 0 0 0 15 238 3.31 0 1
27 1007 2 0 0 0 20 308 2.2 0 1
28 1007 2 0 0 0 29 459 1.82 0 1
29 1007 2 0 0 0 24 382 6.86 1 1
30 1007 2 0 0 0 2 26 2.76 0 1
31 1007 2 0 0 0 6 86 8.01 1 1
32 1007 2 0 0 0 25 400 1.71 0 1
33 1007 2 0 0 0 17 261 2.14 0 1
34 1007 2 0 0 0 17 258 2.89 0 1
35 1007 2 0 0 0 25 385 1.43 0 1
36 1007 2 0 0 0 15 226 3.2 0 1
37 1007 2 0 0 0 4 62 2.95 0 1
38 1007 2 0 0 0 13 207 3.11 0 1
39 1007 2 0 0 0 2 24 2.31 0 1
40 1007 2 0 0 0 28 445 7.58 1 1
41 1007 2 0 0 0 1 9 2.49 0 1
42 1007 2 0 0 0 18 279 1.97 0 1
43 1007 2 0 0 0 28 447 7.79 1 1
44 1007 2 0 0 0 10 149 3.02 0 1
45 1007 2 0 0 0 30 471 2.73 0 1
46 1007 2 0 0 0 4 50 2.73 0 1
47 1007 2 0 0 0 7 107 7.11 1 1
48 1007 2 0 0 0 3 33 2.97 0 1
49 1007 2 0 0 0 9 129 3.25 0 1
50 1007 2 0 0 0 17 269 2.8 0 1
1 1022 1 0 0 0 2 17 1.92 0 1
2 1022 1 0 0 0 28 433 7.18 1 1
3 1022 1 0 0 0 20 319 2.13 0 1
4 1022 1 0 0 0 10 155 1.73 0 1
5 1022 1 0 0 0 6 85 7.32 1 1
6 1022 1 0 0 0 22 347 6.7 1 1
7 1022 1 0 0 0 20 307 1.87 0 1
8 1022 1 0 0 0 17 259 2.5 0 1
9 1022 1 0 0 0 13 198 2.65 0 1
10 1022 1 0 0 0 13 197 2.97 0 1
11 1022 1 0 0 0 24 373 7.32 1 1
12 1022 1 0 0 0 15 240 2.57 0 1
13 1022 1 0 0 0 17 263 2.59 0 1
14 1022 1 0 0 0 3 36 2.98 0 1
15 1022 1 0 0 0 30 465 2.7 0 1
16 1022 1 0 0 0 4 59 1.99 0 1
17 1022 1 0 0 0 10 160 2.19 0 1
18 1022 1 0 0 0 4 56 3.02 0 1
19 1022 1 0 0 0 15 230 3.4 0 1
20 1022 1 0 0 0 9 140 2.97 0 1
21 1022 1 0 0 0 18 285 2.27 0 1
22 1022 1 0 0 0 10 158 2.59 0 1
23 1022 1 0 0 0 29 451 1.86 0 1
24 1022 1 0 0 0 2 25 1.89 0 1
25 1022 1 0 0 0 30 476 2.48 0 1
26 1022 1 0 0 0 20 315 2.75 0 1
27 1022 1 0 0 0 9 139 1.74 0 1
28 1022 1 0 0 0 3 35 3.14 0 1
29 1022 1 0 0 0 17 266 2.6 0 1
30 1022 1 0 0 0 1 6 3.17 0 1
31 1022 1 0 0 0 1 8 1.95 0 1
32 1022 1 0 0 0 13 205 3.26 0 1
33 1022 1 0 0 0 3 37 3.08 0 1
34 1022 1 0 0 0 4 64 2.52 0 1
35 1022 1 0 0 0 29 463 2.0 0 1
36 1022 1 0 0 0 25 398 1.43 0 1
37 1022 1 0 0 0 2 18 1.84 0 1
38 1022 1 0 0 0 9 136 3.1 0 1
39 1022 1 0 0 0 7 106 7.66 1 1
40 1022 1 0 0 0 23 362 7.17 1 1
41 1022 1 0 0 0 27 420 7.61 1 1
42 1022 1 0 0 0 18 280 2.15 0 1
43 1022 1 0 0 0 29 464 1.93 0 1
44 1022 1 0 0 0 1 10 3.15 0 1
45 1022 1 0 0 0 7 112 7.03 1 1
46 1022 1 0 0 0 18 277 2.23 0 1
47 1022 1 0 0 0 30 472 2.55 0 1
48 1022 1 0 0 0 15 228 3.15 0 1
49 1022 1 0 0 0 25 396 1.85 0 1
50 1022 1 0 0 0 25 397 1.77 0 1
1 1011 1 0 0 0 2 18 1.84 0 1
2 1011 1 0 0 0 9 136 3.1 0 1
3 1011 1 0 0 0 29 451 1.86 0 1
4 1011 1 0 0 0 4 56 3.02 0 1
5 1011 1 0 0 0 23 362 7.17 1 1
6 1011 1 0 0 0 2 25 1.89 0 1
7 1011 1 0 0 0 29 464 1.93 0 1
8 1011 1 0 0 0 15 230 3.4 0 1
9 1011 1 0 0 0 3 36 2.98 0 1
10 1011 1 0 0 0 3 35 3.14 0 1
11 1011 1 0 0 0 15 240 2.57 0 1
12 1011 1 0 0 0 20 307 1.87 0 1
13 1011 1 0 0 0 7 106 7.66 1 1
14 1011 1 0 0 0 1 8 1.95 0 1
15 1011 1 0 0 0 13 205 3.26 0 1
16 1011 1 0 0 0 1 6 3.17 0 1
17 1011 1 0 0 0 28 433 7.18 1 1
18 1011 1 0 0 0 20 315 2.75 0 1
19 1011 1 0 0 0 18 277 2.23 0 1
20 1011 1 0 0 0 10 160 2.19 0 1
21 1011 1 0 0 0 7 112 7.03 1 1
22 1011 1 0 0 0 9 139 1.74 0 1
23 1011 1 0 0 0 30 476 2.48 0 1
24 1011 1 0 0 0 25 398 1.43 0 1
25 1011 1 0 0 0 27 420 7.61 1 1
26 1011 1 0 0 0 6 85 7.32 1 1
27 1011 1 0 0 0 25 396 1.85 0 1
28 1011 1 0 0 0 1 10 3.15 0 1
29 1011 1 0 0 0 24 373 7.32 1 1
30 1011 1 0 0 0 13 197 2.97 0 1
31 1011 1 0 0 0 17 263 2.59 0 1
32 1011 1 0 0 0 29 463 2.0 0 1
33 1011 1 0 0 0 17 266 2.6 0 1
34 1011 1 0 0 0 10 158 2.59 0 1
35 1011 1 0 0 0 18 280 2.15 0 1
36 1011 1 0 0 0 15 228 3.15 0 1
37 1011 1 0 0 0 4 64 2.52 0 1
38 1011 1 0 0 0 30 472 2.55 0 1
39 1011 1 0 0 0 18 285 2.27 0 1
40 1011 1 0 0 0 3 37 3.08 0 1
41 1011 1 0 0 0 9 140 2.97 0 1
42 1011 1 0 0 0 25 397 1.77 0 1
43 1011 1 0 0 0 22 347 6.7 1 1
44 1011 1 0 0 0 20 319 2.13 0 1
45 1011 1 0 0 0 4 59 1.99 0 1
46 1011 1 0 0 0 2 17 1.92 0 1
47 1011 1 0 0 0 17 259 2.5 0 1
48 1011 1 0 0 0 30 465 2.7 0 1
49 1011 1 0 0 0 10 155 1.73 0 1
50 1011 1 0 0 0 13 198 2.65 0 1
1 1029 1 0 0 0 7 112 7.03 1 1
2 1029 1 0 0 0 17 259 2.5 0 1
3 1029 1 0 0 0 13 205 3.26 0 1
4 1029 1 0 0 0 20 307 1.87 0 1
5 1029 1 0 0 0 2 25 1.89 0 1
6 1029 1 0 0 0 13 198 2.65 0 1
7 1029 1 0 0 0 3 35 3.14 0 1
8 1029 1 0 0 0 20 319 2.13 0 1
9 1029 1 0 0 0 29 451 1.86 0 1
10 1029 1 0 0 0 4 56 3.02 0 1
11 1029 1 0 0 0 18 285 2.27 0 1
12 1029 1 0 0 0 25 397 1.77 0 1
13 1029 1 0 0 0 23 362 7.17 1 1
14 1029 1 0 0 0 13 197 2.97 0 1
15 1029 1 0 0 0 29 463 2.0 0 1
16 1029 1 0 0 0 10 155 1.73 0 1
17 1029 1 0 0 0 1 6 3.17 0 1
18 1029 1 0 0 0 30 472 2.55 0 1
19 1029 1 0 0 0 10 158 2.59 0 1
20 1029 1 0 0 0 18 277 2.23 0 1
21 1029 1 0 0 0 15 228 3.15 0 1
22 1029 1 0 0 0 18 280 2.15 0 1
23 1029 1 0 0 0 30 465 2.7 0 1
24 1029 1 0 0 0 3 37 3.08 0 1
25 1029 1 0 0 0 25 396 1.85 0 1
26 1029 1 0 0 0 2 18 1.84 0 1
27 1029 1 0 0 0 15 230 3.4 0 1
28 1029 1 0 0 0 22 347 6.7 1 1
29 1029 1 0 0 0 4 59 1.99 0 1
30 1029 1 0 0 0 7 106 7.66 1 1
31 1029 1 0 0 0 28 433 7.18 1 1
32 1029 1 0 0 0 6 85 7.32 1 1
33 1029 1 0 0 0 17 266 2.6 0 1
34 1029 1 0 0 0 1 10 3.15 0 1
35 1029 1 0 0 0 9 136 3.1 0 1
36 1029 1 0 0 0 1 8 1.95 0 1
37 1029 1 0 0 0 20 315 2.75 0 1
38 1029 1 0 0 0 9 139 1.74 0 1
39 1029 1 0 0 0 17 263 2.59 0 1
40 1029 1 0 0 0 24 373 7.32 1 1
41 1029 1 0 0 0 3 36 2.98 0 1
42 1029 1 0 0 0 29 464 1.93 0 1
43 1029 1 0 0 0 2 17 1.92 0 1
44 1029 1 0 0 0 15 240 2.57 0 1
45 1029 1 0 0 0 9 140 2.97 0 1
46 1029 1 0 0 0 27 420 7.61 1 1
47 1029 1 0 0 0 10 160 2.19 0 1
48 1029 1 0 0 0 4 64 2.52 0 1
49 1029 1 0 0 0 25 398 1.43 0 1
50 1029 1 0 0 0 30 476 2.48 0 1
1 1004 1 0 0 0 10 160 2.19 0 1
2 1004 1 0 0 0 9 139 1.74 0 1
3 1004 1 0 0 0 3 35 3.14 0 1
4 1004 1 0 0 0 29 451 1.86 0 1
5 1004 1 0 0 0 25 397 1.77 0 1
6 1004 1 0 0 0 2 17 1.92 0 1
7 1004 1 0 0 0 17 266 2.6 0 1
8 1004 1 0 0 0 18 280 2.15 0 1
9 1004 1 0 0 0 29 463 2.0 0 1
10 1004 1 0 0 0 9 136 3.1 0 1
11 1004 1 0 0 0 18 277 2.23 0 1
12 1004 1 0 0 0 23 362 7.17 1 1
13 1004 1 0 0 0 1 6 3.17 0 1
14 1004 1 0 0 0 30 472 2.55 0 1
15 1004 1 0 0 0 17 259 2.5 0 1
16 1004 1 0 0 0 6 85 7.32 1 1
17 1004 1 0 0 0 13 205 3.26 0 1
18 1004 1 0 0 0 20 315 2.75 0 1
19 1004 1 0 0 0 7 106 7.66 1 1
20 1004 1 0 0 0 10 155 1.73 0 1
21 1004 1 0 0 0 10 158 2.59 0 1
22 1004 1 0 0 0 22 347 6.7 1 1
23 1004 1 0 0 0 25 396 1.85 0 1
24 1004 1 0 0 0 18 285 2.27 0 1
25 1004 1 0 0 0 9 140 2.97 0 1
26 1004 1 0 0 0 27 420 7.61 1 1
27 1004 1 0 0 0 29 464 1.93 0 1
28 1004 1 0 0 0 4 64 2.52 0 1
29 1004 1 0 0 0 3 36 2.98 0 1
30 1004 1 0 0 0 24 373 7.32 1 1
31 1004 1 0 0 0 30 465 2.7 0 1
32 1004 1 0 0 0 28 433 7.18 1 1
33 1004 1 0 0 0 15 230 3.4 0 1
34 1004 1 0 0 0 3 37 3.08 0 1
35 1004 1 0 0 0 30 476 2.48 0 1
36 1004 1 0 0 0 4 59 1.99 0 1
37 1004 1 0 0 0 13 198 2.65 0 1
38 1004 1 0 0 0 4 56 3.02 0 1
39 1004 1 0 0 0 2 18 1.84 0 1
40 1004 1 0 0 0 20 319 2.13 0 1
41 1004 1 0 0 0 15 228 3.15 0 1
42 1004 1 0 0 0 13 197 2.97 0 1
43 1004 1 0 0 0 7 112 7.03 1 1
44 1004 1 0 0 0 2 25 1.89 0 1
45 1004 1 0 0 0 25 398 1.43 0 1
46 1004 1 0 0 0 1 8 1.95 0 1
47 1004 1 0 0 0 1 10 3.15 0 1
48 1004 1 0 0 0 15 240 2.57 0 1
49 1004 1 0 0 0 17 263 2.59 0 1
50 1004 1 0 0 0 20 307 1.87 0 1
1 1034 1 0 0 0 3 35 3.14 0 1
2 1034 1 0 0 0 3 37 3.08 0 1
3 1034 1 0 0 0 25 396 1.85 0 1
4 1034 1 0 0 0 2 18 1.84 0 1
5 1034 1 0 0 0 9 136 3.1 0 1
6 1034 1 0 0 0 18 277 2.23 0 1
7 1034 1 0 0 0 29 464 1.93 0 1
8 1034 1 0 0 0 17 266 2.6 0 1
9 1034 1 0 0 0 17 259 2.5 0 1
10 1034 1 0 0 0 20 307 1.87 0 1
11 1034 1 0 0 0 1 10 3.15 0 1
12 1034 1 0 0 0 30 472 2.55 0 1
13 1034 1 0 0 0 15 230 3.4 0 1
14 1034 1 0 0 0 15 240 2.57 0 1
15 1034 1 0 0 0 30 465 2.7 0 1
16 1034 1 0 0 0 4 56 3.02 0 1
17 1034 1 0 0 0 10 160 2.19 0 1
18 1034 1 0 0 0 13 198 2.65 0 1
19 1034 1 0 0 0 9 140 2.97 0 1
20 1034 1 0 0 0 25 397 1.77 0 1
21 1034 1 0 0 0 6 85 7.32 1 1
22 1034 1 0 0 0 4 59 1.99 0 1
23 1034 1 0 0 0 18 280 2.15 0 1
24 1034 1 0 0 0 29 463 2.0 0 1
25 1034 1 0 0 0 7 112 7.03 1 1
26 1034 1 0 0 0 3 36 2.98 0 1
27 1034 1 0 0 0 2 17 1.92 0 1
28 1034 1 0 0 0 20 319 2.13 0 1
29 1034 1 0 0 0 13 197 2.97 0 1
30 1034 1 0 0 0 4 64 2.52 0 1
31 1034 1 0 0 0 18 285 2.27 0 1
32 1034 1 0 0 0 29 451 1.86 0 1
33 1034 1 0 0 0 20 315 2.75 0 1
34 1034 1 0 0 0 7 106 7.66 1 1
35 1034 1 0 0 0 1 8 1.95 0 1
36 1034 1 0 0 0 23 362 7.17 1 1
37 1034 1 0 0 0 1 6 3.17 0 1
38 1034 1 0 0 0 27 420 7.61 1 1
39 1034 1 0 0 0 30 476 2.48 0 1
40 1034 1 0 0 0 9 139 1.74 0 1
41 1034 1 0 0 0 15 228 3.15 0 1
42 1034 1 0 0 0 10 158 2.59 0 1
43 1034 1 0 0 0 24 373 7.32 1 1
44 1034 1 0 0 0 22 347 6.7 1 1
45 1034 1 0 0 0 13 205 3.26 0 1
46 1034 1 0 0 0 17 263 2.59 0 1
47 1034 1 0 0 0 2 25 1.89 0 1
48 1034 1 0 0 0 28 433 7.18 1 1
49 1034 1 0 0 0 25 398 1.43 0 1
50 1034 1 0 0 0 10 155 1.73 0 1
1 1013 2 0 0 0 23 365 6.57 1 0
2 1013 2 0 0 0 30 467 1.95 0 0
3 1013 2 0 0 0 17 261 2.14 0 0
4 1013 2 0 0 0 29 456 1.5 0 0
5 1013 2 0 0 0 30 471 2.73 0 0
6 1013 2 0 0 0 10 152 1.38 0 0
7 1013 2 0 0 0 17 269 2.8 0 0
8 1013 2 0 0 0 8 125 7.28 1 0
9 1013 2 0 0 0 4 50 2.73 0 0
10 1013 2 0 0 0 6 86 8.01 1 0
11 1013 2 0 0 0 30 466 2.9 0 0
12 1013 2 0 0 0 13 206 3.41 0 0
13 1013 2 0 0 0 17 258 2.89 0 0
14 1013 2 0 0 0 15 227 2.67 0 0
15 1013 2 0 0 0 15 238 3.31 0 0
16 1013 2 0 0 0 29 452 1.8 0 0
17 1013 2 0 0 0 28 447 7.79 1 0
18 1013 2 0 0 0 10 154 2.88 0 0
19 1013 2 0 0 0 18 284 1.92 0 0
20 1013 2 0 0 0 20 314 1.94 0 0
21 1013 2 0 0 0 7 107 7.11 1 0
22 1013 2 0 0 0 4 60 2.6 0 0
23 1013 2 0 0 0 10 149 3.02 0 0
24 1013 2 0 0 0 28 445 7.58 1 0
25 1013 2 0 0 0 18 279 1.97 0 0
26 1013 2 0 0 0 25 400 1.71 0 0
27 1013 2 0 0 0 18 287 2.19 0 0
28 1013 2 0 0 0 9 141 3.12 0 0
29 1013 2 0 0 0 13 202 3.09 0 0
30 1013 2 0 0 0 1 3 3.17 0 0
31 1013 2 0 0 0 7 99 7.24 1 0
32 1013 2 0 0 0 9 142 3.22 0 0
33 1013 2 0 0 0 3 42 2.84 0 0
34 1013 2 0 0 0 20 308 2.2 0 0
35 1013 2 0 0 0 15 226 3.2 0 0
36 1013 2 0 0 0 13 207 3.11 0 0
37 1013 2 0 0 0 1 9 2.49 0 0
38 1013 2 0 0 0 25 385 1.43 0 0
39 1013 2 0 0 0 20 318 2.58 0 0
40 1013 2 0 0 0 29 459 1.82 0 0
41 1013 2 0 0 0 1 4 3.18 0 0
42 1013 2 0 0 0 2 24 2.31 0 0
43 1013 2 0 0 0 3 47 3.05 0 0
44 1013 2 0 0 0 9 129 3.25 0 0
45 1013 2 0 0 0 25 391 1.73 0 0
46 1013 2 0 0 0 2 26 2.76 0 0
47 1013 2 0 0 0 2 29 2.68 0 0
48 1013 2 0 0 0 4 62 2.95 0 0
49 1013 2 0 0 0 24 382 6.86 1 0
50 1013 2 0 0 0 3 33 2.97 0 0
1 1030 1 0 0 0 3 36 2.98 0 1
2 1030 1 0 0 0 9 136 3.1 0 1
3 1030 1 0 0 0 30 476 2.48 0 1
4 1030 1 0 0 0 25 397 1.77 0 1
5 1030 1 0 0 0 29 464 1.93 0 1
6 1030 1 0 0 0 7 112 7.03 1 1
7 1030 1 0 0 0 22 347 6.7 1 1
8 1030 1 0 0 0 24 373 7.32 1 1
9 1030 1 0 0 0 1 8 1.95 0 1
10 1030 1 0 0 0 4 64 2.52 0 1
11 1030 1 0 0 0 17 263 2.59 0 1
12 1030 1 0 0 0 20 307 1.87 0 1
13 1030 1 0 0 0 13 198 2.65 0 1
14 1030 1 0 0 0 2 25 1.89 0 1
15 1030 1 0 0 0 23 362 7.17 1 1
16 1030 1 0 0 0 15 228 3.15 0 1
17 1030 1 0 0 0 17 259 2.5 0 1
18 1030 1 0 0 0 30 472 2.55 0 1
19 1030 1 0 0 0 20 315 2.75 0 1
20 1030 1 0 0 0 25 398 1.43 0 1
21 1030 1 0 0 0 3 35 3.14 0 1
22 1030 1 0 0 0 15 240 2.57 0 1
23 1030 1 0 0 0 9 140 2.97 0 1
24 1030 1 0 0 0 10 158 2.59 0 1
25 1030 1 0 0 0 4 59 1.99 0 1
26 1030 1 0 0 0 28 433 7.18 1 1
27 1030 1 0 0 0 18 280 2.15 0 1
28 1030 1 0 0 0 10 160 2.19 0 1
29 1030 1 0 0 0 27 420 7.61 1 1
30 1030 1 0 0 0 13 205 3.26 0 1
31 1030 1 0 0 0 29 463 2.0 0 1
32 1030 1 0 0 0 18 277 2.23 0 1
33 1030 1 0 0 0 25 396 1.85 0 1
34 1030 1 0 0 0 29 451 1.86 0 1
35 1030 1 0 0 0 18 285 2.27 0 1
36 1030 1 0 0 0 17 266 2.6 0 1
37 1030 1 0 0 0 2 17 1.92 0 1
38 1030 1 0 0 0 7 106 7.66 1 1
39 1030 1 0 0 0 13 197 2.97 0 1
40 1030 1 0 0 0 6 85 7.32 1 1
41 1030 1 0 0 0 2 18 1.84 0 1
42 1030 1 0 0 0 9 139 1.74 0 1
43 1030 1 0 0 0 30 465 2.7 0 1
44 1030 1 0 0 0 4 56 3.02 0 1
45 1030 1 0 0 0 1 10 3.15 0 1
46 1030 1 0 0 0 10 155 1.73 0 1
47 1030 1 0 0 0 20 319 2.13 0 1
48 1030 1 0 0 0 1 6 3.17 0 1
49 1030 1 0 0 0 3 37 3.08 0 1
50 1030 1 0 0 0 15 230 3.4 0 1
1 1035 1 0 0 0 10 155 1.73 0 1
2 1035 1 0 0 0 20 315 2.75 0 1
3 1035 1 0 0 0 17 263 2.59 0 1
4 1035 1 0 0 0 20 319 2.13 0 1
5 1035 1 0 0 0 18 280 2.15 0 1
6 1035 1 0 0 0 13 205 3.26 0 1
7 1035 1 0 0 0 25 396 1.85 0 1
8 1035 1 0 0 0 25 397 1.77 0 1
9 1035 1 0 0 0 4 64 2.52 0 1
10 1035 1 0 0 0 25 398 1.43 0 1
11 1035 1 0 0 0 9 136 3.1 0 1
12 1035 1 0 0 0 15 240 2.57 0 1
13 1035 1 0 0 0 3 35 3.14 0 1
14 1035 1 0 0 0 1 6 3.17 0 1
15 1035 1 0 0 0 1 8 1.95 0 1
16 1035 1 0 0 0 30 472 2.55 0 1
17 1035 1 0 0 0 13 198 2.65 0 1
18 1035 1 0 0 0 29 464 1.93 0 1
19 1035 1 0 0 0 2 17 1.92 0 1
20 1035 1 0 0 0 3 37 3.08 0 1
21 1035 1 0 0 0 15 228 3.15 0 1
22 1035 1 0 0 0 17 259 2.5 0 1
23 1035 1 0 0 0 7 112 7.03 1 1
24 1035 1 0 0 0 18 285 2.27 0 1
25 1035 1 0 0 0 9 139 1.74 0 1
26 1035 1 0 0 0 24 373 7.32 1 1
27 1035 1 0 0 0 1 10 3.15 0 1
28 1035 1 0 0 0 28 433 7.18 1 1
29 1035 1 0 0 0 23 362 7.17 1 1
30 1035 1 0 0 0 3 36 2.98 0 1
31 1035 1 0 0 0 4 56 3.02 0 1
32 1035 1 0 0 0 27 420 7.61 1 1
33 1035 1 0 0 0 30 476 2.48 0 1
34 1035 1 0 0 0 20 307 1.87 0 1
35 1035 1 0 0 0 2 18 1.84 0 1
36 1035 1 0 0 0 18 277 2.23 0 1
37 1035 1 0 0 0 17 266 2.6 0 1
38 1035 1 0 0 0 29 451 1.86 0 1
39 1035 1 0 0 0 2 25 1.89 0 1
40 1035 1 0 0 0 7 106 7.66 1 1
41 1035 1 0 0 0 9 140 2.97 0 1
42 1035 1 0 0 0 29 463 2.0 0 1
43 1035 1 0 0 0 4 59 1.99 0 1
44 1035 1 0 0 0 6 85 7.32 1 1
45 1035 1 0 0 0 30 465 2.7 0 1
46 1035 1 0 0 0 10 158 2.59 0 1
47 1035 1 0 0 0 13 197 2.97 0 1
48 1035 1 0 0 0 15 230 3.4 0 1
49 1035 1 0 0 0 10 160 2.19 0 1
50 1035 1 0 0 0 22 347 6.7 1 1
1 1003 1 0 0 0 25 396 1.85 0 1
2 1003 1 0 0 0 3 37 3.08 0 1
3 1003 1 0 0 0 13 198 2.65 0 1
4 1003 1 0 0 0 25 398 1.43 0 1
5 1003 1 0 0 0 20 319 2.13 0 1
6 1003 1 0 0 0 18 285 2.27 0 1
7 1003 1 0 0 0 1 10 3.15 0 1
8 1003 1 0 0 0 9 139 1.74 0 1
9 1003 1 0 0 0 18 277 2.23 0 1
10 1003 1 0 0 0 7 106 7.66 1 1
11 1003 1 0 0 0 3 36 2.98 0 1
12 1003 1 0 0 0 2 25 1.89 0 1
13 1003 1 0 0 0 1 8 1.95 0 1
14 1003 1 0 0 0 17 259 2.5 0 1
15 1003 1 0 0 0 10 155 1.73 0 1
16 1003 1 0 0 0 30 465 2.7 0 1
17 1003 1 0 0 0 24 373 7.32 1 1
18 1003 1 0 0 0 28 433 7.18 1 1
19 1003 1 0 0 0 2 17 1.92 0 1
20 1003 1 0 0 0 6 85 7.32 1 1
21 1003 1 0 0 0 2 18 1.84 0 1
22 1003 1 0 0 0 15 228 3.15 0 1
23 1003 1 0 0 0 27 420 7.61 1 1
24 1003 1 0 0 0 13 197 2.97 0 1
25 1003 1 0 0 0 17 266 2.6 0 1
26 1003 1 0 0 0 23 362 7.17 1 1
27 1003 1 0 0 0 25 397 1.77 0 1
28 1003 1 0 0 0 29 464 1.93 0 1
29 1003 1 0 0 0 3 35 3.14 0 1
30 1003 1 0 0 0 18 280 2.15 0 1
31 1003 1 0 0 0 4 64 2.52 0 1
32 1003 1 0 0 0 13 205 3.26 0 1
33 1003 1 0 0 0 29 451 1.86 0 1
34 1003 1 0 0 0 10 160 2.19 0 1
35 1003 1 0 0 0 20 307 1.87 0 1
36 1003 1 0 0 0 20 315 2.75 0 1
37 1003 1 0 0 0 17 263 2.59 0 1
38 1003 1 0 0 0 1 6 3.17 0 1
39 1003 1 0 0 0 30 472 2.55 0 1
40 1003 1 0 0 0 15 230 3.4 0 1
41 1003 1 0 0 0 15 240 2.57 0 1
42 1003 1 0 0 0 9 140 2.97 0 1
43 1003 1 0 0 0 4 56 3.02 0 1
44 1003 1 0 0 0 9 136 3.1 0 1
45 1003 1 0 0 0 22 347 6.7 1 1
46 1003 1 0 0 0 30 476 2.48 0 1
47 1003 1 0 0 0 7 112 7.03 1 1
48 1003 1 0 0 0 4 59 1.99 0 1
49 1003 1 0 0 0 29 463 2.0 0 1
50 1003 1 0 0 0 10 158 2.59 0 1
1 1027 1 0 0 0 20 319 2.13 0 1
2 1027 1 0 0 0 18 277 2.23 0 1
3 1027 1 0 0 0 3 35 3.14 0 1
4 1027 1 0 0 0 20 307 1.87 0 1
5 1027 1 0 0 0 10 160 2.19 0 1
6 1027 1 0 0 0 10 158 2.59 0 1
7 1027 1 0 0 0 6 85 7.32 1 1
8 1027 1 0 0 0 17 259 2.5 0 1
9 1027 1 0 0 0 13 205 3.26 0 1
10 1027 1 0 0 0 1 6 3.17 0 1
11 1027 1 0 0 0 4 59 1.99 0 1
12 1027 1 0 0 0 29 451 1.86 0 1
13 1027 1 0 0 0 18 280 2.15 0 1
14 1027 1 0 0 0 28 433 7.18 1 1
15 1027 1 0 0 0 1 10 3.15 0 1
16 1027 1 0 0 0 18 285 2.27 0 1
17 1027 1 0 0 0 30 472 2.55 0 1
18 1027 1 0 0 0 15 230 3.4 0 1
19 1027 1 0 0 0 25 397 1.77 0 1
20 1027 1 0 0 0 30 465 2.7 0 1
21 1027 1 0 0 0 17 263 2.59 0 1
22 1027 1 0 0 0 4 64 2.52 0 1
23 1027 1 0 0 0 17 266 2.6 0 1
24 1027 1 0 0 0 2 17 1.92 0 1
25 1027 1 0 0 0 7 106 7.66 1 1
26 1027 1 0 0 0 15 228 3.15 0 1
27 1027 1 0 0 0 2 25 1.89 0 1
28 1027 1 0 0 0 20 315 2.75 0 1
29 1027 1 0 0 0 10 155 1.73 0 1
30 1027 1 0 0 0 15 240 2.57 0 1
31 1027 1 0 0 0 1 8 1.95 0 1
32 1027 1 0 0 0 3 37 3.08 0 1
33 1027 1 0 0 0 13 198 2.65 0 1
34 1027 1 0 0 0 25 398 1.43 0 1
35 1027 1 0 0 0 24 373 7.32 1 1
36 1027 1 0 0 0 23 362 7.17 1 1
37 1027 1 0 0 0 9 140 2.97 0 1
38 1027 1 0 0 0 29 464 1.93 0 1
39 1027 1 0 0 0 9 139 1.74 0 1
40 1027 1 0 0 0 30 476 2.48 0 1
41 1027 1 0 0 0 29 463 2.0 0 1
42 1027 1 0 0 0 25 396 1.85 0 1
43 1027 1 0 0 0 4 56 3.02 0 1
44 1027 1 0 0 0 3 36 2.98 0 1
45 1027 1 0 0 0 7 112 7.03 1 1
46 1027 1 0 0 0 22 347 6.7 1 1
47 1027 1 0 0 0 9 136 3.1 0 1
48 1027 1 0 0 0 2 18 1.84 0 1
49 1027 1 0 0 0 13 197 2.97 0 1
50 1027 1 0 0 0 27 420 7.61 1 1
1 1028 2 0 0 0 9 142 3.22 0 0
2 1028 2 0 0 0 2 26 2.76 0 0
3 1028 2 0 0 0 25 385 1.43 0 0
4 1028 2 0 0 0 24 382 6.86 1 0
5 1028 2 0 0 0 29 452 1.8 0 0
6 1028 2 0 0 0 20 318 2.58 0 0
7 1028 2 0 0 0 1 9 2.49 0 0
8 1028 2 0 0 0 1 4 3.18 0 0
9 1028 2 0 0 0 17 269 2.8 0 0
10 1028 2 0 0 0 20 314 1.94 0 0
11 1028 2 0 0 0 3 42 2.84 0 0
12 1028 2 0 0 0 7 107 7.11 1 0
13 1028 2 0 0 0 3 33 2.97 0 0
14 1028 2 0 0 0 8 125 7.28 1 0
15 1028 2 0 0 0 18 284 1.92 0 0
16 1028 2 0 0 0 4 60 2.6 0 0
17 1028 2 0 0 0 7 99 7.24 1 0
18 1028 2 0 0 0 20 308 2.2 0 0
19 1028 2 0 0 0 15 226 3.2 0 0
20 1028 2 0 0 0 13 202 3.09 0 0
21 1028 2 0 0 0 30 471 2.73 0 0
22 1028 2 0 0 0 13 207 3.11 0 0
23 1028 2 0 0 0 3 47 3.05 0 0
24 1028 2 0 0 0 17 261 2.14 0 0
25 1028 2 0 0 0 9 141 3.12 0 0
26 1028 2 0 0 0 18 287 2.19 0 0
27 1028 2 0 0 0 6 86 8.01 1 0
28 1028 2 0 0 0 9 129 3.25 0 0
29 1028 2 0 0 0 30 466 2.9 0 0
30 1028 2 0 0 0 23 365 6.57 1 0
31 1028 2 0 0 0 15 227 2.67 0 0
32 1028 2 0 0 0 4 50 2.73 0 0
33 1028 2 0 0 0 2 24 2.31 0 0
34 1028 2 0 0 0 2 29 2.68 0 0
35 1028 2 0 0 0 25 391 1.73 0 0
36 1028 2 0 0 0 4 62 2.95 0 0
37 1028 2 0 0 0 30 467 1.95 0 0
38 1028 2 0 0 0 29 456 1.5 0 0
39 1028 2 0 0 0 29 459 1.82 0 0
40 1028 2 0 0 0 1 3 3.17 0 0
41 1028 2 0 0 0 18 279 1.97 0 0
42 1028 2 0 0 0 17 258 2.89 0 0
43 1028 2 0 0 0 25 400 1.71 0 0
44 1028 2 0 0 0 15 238 3.31 0 0
45 1028 2 0 0 0 10 149 3.02 0 0
46 1028 2 0 0 0 13 206 3.41 0 0
47 1028 2 0 0 0 28 447 7.79 1 0
48 1028 2 0 0 0 10 154 2.88 0 0
49 1028 2 0 0 0 10 152 1.38 0 0
50 1028 2 0 0 0 28 445 7.58 1 0
1 1014 1 0 0 0 10 158 2.59 0 0
2 1014 1 0 0 0 6 85 7.32 1 0
3 1014 1 0 0 0 1 10 3.15 0 0
4 1014 1 0 0 0 7 112 7.03 1 0
5 1014 1 0 0 0 30 465 2.7 0 0
6 1014 1 0 0 0 25 398 1.43 0 0
7 1014 1 0 0 0 20 319 2.13 0 0
8 1014 1 0 0 0 29 464 1.93 0 0
9 1014 1 0 0 0 18 277 2.23 0 0
10 1014 1 0 0 0 20 315 2.75 0 0
11 1014 1 0 0 0 4 59 1.99 0 0
12 1014 1 0 0 0 30 476 2.48 0 0
13 1014 1 0 0 0 13 198 2.65 0 0
14 1014 1 0 0 0 18 285 2.27 0 0
15 1014 1 0 0 0 13 197 2.97 0 0
16 1014 1 0 0 0 17 266 2.6 0 0
17 1014 1 0 0 0 18 280 2.15 0 0
18 1014 1 0 0 0 9 139 1.74 0 0
19 1014 1 0 0 0 1 6 3.17 0 0
20 1014 1 0 0 0 15 240 2.57 0 0
21 1014 1 0 0 0 20 307 1.87 0 0
22 1014 1 0 0 0 10 155 1.73 0 0
23 1014 1 0 0 0 23 362 7.17 1 0
24 1014 1 0 0 0 17 263 2.59 0 0
25 1014 1 0 0 0 1 8 1.95 0 0
26 1014 1 0 0 0 9 136 3.1 0 0
27 1014 1 0 0 0 4 64 2.52 0 0
28 1014 1 0 0 0 2 18 1.84 0 0
29 1014 1 0 0 0 24 373 7.32 1 0
30 1014 1 0 0 0 4 56 3.02 0 0
31 1014 1 0 0 0 29 463 2.0 0 0
32 1014 1 0 0 0 15 230 3.4 0 0
33 1014 1 0 0 0 2 17 1.92 0 0
34 1014 1 0 0 0 2 25 1.89 0 0
35 1014 1 0 0 0 25 396 1.85 0 0
36 1014 1 0 0 0 29 451 1.86 0 0
37 1014 1 0 0 0 13 205 3.26 0 0
38 1014 1 0 0 0 22 347 6.7 1 0
39 1014 1 0 0 0 30 472 2.55 0 0
40 1014 1 0 0 0 9 140 2.97 0 0
41 1014 1 0 0 0 27 420 7.61 1 0
42 1014 1 0 0 0 10 160 2.19 0 0
43 1014 1 0 0 0 7 106 7.66 1 0
44 1014 1 0 0 0 3 37 3.08 0 0
45 1014 1 0 0 0 3 35 3.14 0 0
46 1014 1 0 0 0 25 397 1.77 0 0
47 1014 1 0 0 0 28 433 7.18 1 0
48 1014 1 0 0 0 17 259 2.5 0 0
49 1014 1 0 0 0 15 228 3.15 0 0
50 1014 1 0 0 0 3 36 2.98 0 0
1 1037 2 0 0 0 18 279 1.97 0 1
2 1037 2 0 0 0 3 47 3.05 0 1
3 1037 2 0 0 0 28 447 7.79 1 1
4 1037 2 0 0 0 30 467 1.95 0 1
5 1037 2 0 0 0 1 9 2.49 0 1
6 1037 2 0 0 0 15 227 2.67 0 1
7 1037 2 0 0 0 9 129 3.25 0 1
8 1037 2 0 0 0 25 400 1.71 0 1
9 1037 2 0 0 0 23 365 6.57 1 1
10 1037 2 0 0 0 10 152 1.38 0 1
11 1037 2 0 0 0 17 261 2.14 0 1
12 1037 2 0 0 0 29 459 1.82 0 1
13 1037 2 0 0 0 18 284 1.92 0 1
14 1037 2 0 0 0 17 258 2.89 0 1
15 1037 2 0 0 0 20 318 2.58 0 1
16 1037 2 0 0 0 29 456 1.5 0 1
17 1037 2 0 0 0 7 99 7.24 1 1
18 1037 2 0 0 0 13 206 3.41 0 1
19 1037 2 0 0 0 4 50 2.73 0 1
20 1037 2 0 0 0 17 269 2.8 0 1
21 1037 2 0 0 0 29 452 1.8 0 1
22 1037 2 0 0 0 2 29 2.68 0 1
23 1037 2 0 0 0 10 149 3.02 0 1
24 1037 2 0 0 0 30 471 2.73 0 1
25 1037 2 0 0 0 2 26 2.76 0 1
26 1037 2 0 0 0 28 445 7.58 1 1
27 1037 2 0 0 0 15 226 3.2 0 1
28 1037 2 0 0 0 9 142 3.22 0 1
29 1037 2 0 0 0 3 33 2.97 0 1
30 1037 2 0 0 0 9 141 3.12 0 1
31 1037 2 0 0 0 25 391 1.73 0 1
32 1037 2 0 0 0 7 107 7.11 1 1
33 1037 2 0 0 0 24 382 6.86 1 1
34 1037 2 0 0 0 30 466 2.9 0 1
35 1037 2 0 0 0 25 385 1.43 0 1
36 1037 2 0 0 0 18 287 2.19 0 1
37 1037 2 0 0 0 3 42 2.84 0 1
38 1037 2 0 0 0 15 238 3.31 0 1
39 1037 2 0 0 0 20 308 2.2 0 1
40 1037 2 0 0 0 1 3 3.17 0 1
41 1037 2 0 0 0 1 4 3.18 0 1
42 1037 2 0 0 0 13 202 3.09 0 1
43 1037 2 0 0 0 20 314 1.94 0 1
44 1037 2 0 0 0 8 125 7.28 1 1
45 1037 2 0 0 0 13 207 3.11 0 1
46 1037 2 0 0 0 4 60 2.6 0 1
47 1037 2 0 0 0 10 154 2.88 0 1
48 1037 2 0 0 0 6 86 8.01 1 1
49 1037 2 0 0 0 2 24 2.31 0 1
50 1037 2 0 0 0 4 62 2.95 0 1
1 1041 1 0 0 0 7 112 7.03 1 1
2 1041 1 0 0 0 13 198 2.65 0 1
3 1041 1 0 0 0 6 85 7.32 1 1
4 1041 1 0 0 0 30 476 2.48 0 1
5 1041 1 0 0 0 3 35 3.14 0 1
6 1041 1 0 0 0 20 307 1.87 0 1
7 1041 1 0 0 0 18 277 2.23 0 1
8 1041 1 0 0 0 10 155 1.73 0 1
9 1041 1 0 0 0 20 319 2.13 0 1
10 1041 1 0 0 0 3 37 3.08 0 1
11 1041 1 0 0 0 3 36 2.98 0 1
12 1041 1 0 0 0 25 396 1.85 0 1
13 1041 1 0 0 0 10 160 2.19 0 1
14 1041 1 0 0 0 25 397 1.77 0 1
15 1041 1 0 0 0 9 136 3.1 0 1
16 1041 1 0 0 0 30 465 2.7 0 1
17 1041 1 0 0 0 13 205 3.26 0 1
18 1041 1 0 0 0 2 17 1.92 0 1
19 1041 1 0 0 0 23 362 7.17 1 1
20 1041 1 0 0 0 25 398 1.43 0 1
21 1041 1 0 0 0 1 6 3.17 0 1
22 1041 1 0 0 0 30 472 2.55 0 1
23 1041 1 0 0 0 29 464 1.93 0 1
24 1041 1 0 0 0 15 230 3.4 0 1
25 1041 1 0 0 0 20 315 2.75 0 1
26 1041 1 0 0 0 15 228 3.15 0 1
27 1041 1 0 0 0 4 64 2.52 0 1
28 1041 1 0 0 0 2 18 1.84 0 1
29 1041 1 0 0 0 29 463 2.0 0 1
30 1041 1 0 0 0 27 420 7.61 1 1
31 1041 1 0 0 0 18 280 2.15 0 1
32 1041 1 0 0 0 28 433 7.18 1 1
33 1041 1 0 0 0 10 158 2.59 0 1
34 1041 1 0 0 0 2 25 1.89 0 1
35 1041 1 0 0 0 9 140 2.97 0 1
36 1041 1 0 0 0 4 59 1.99 0 1
37 1041 1 0 0 0 15 240 2.57 0 1
38 1041 1 0 0 0 1 8 1.95 0 1
39 1041 1 0 0 0 24 373 7.32 1 1
40 1041 1 0 0 0 13 197 2.97 0 1
41 1041 1 0 0 0 22 347 6.7 1 1
42 1041 1 0 0 0 18 285 2.27 0 1
43 1041 1 0 0 0 17 266 2.6 0 1
44 1041 1 0 0 0 1 10 3.15 0 1
45 1041 1 0 0 0 4 56 3.02 0 1
46 1041 1 0 0 0 29 451 1.86 0 1
47 1041 1 0 0 0 17 263 2.59 0 1
48 1041 1 0 0 0 9 139 1.74 0 1
49 1041 1 0 0 0 7 106 7.66 1 1
50 1041 1 0 0 0 17 259 2.5 0 1
1 1001 1 0 0 0 7 112 7.03 1 1
2 1001 1 0 0 0 9 140 2.97 0 1
3 1001 1 0 0 0 15 240 2.57 0 1
4 1001 1 0 0 0 30 472 2.55 0 1
5 1001 1 0 0 0 15 228 3.15 0 1
6 1001 1 0 0 0 4 56 3.02 0 1
7 1001 1 0 0 0 30 465 2.7 0 1
8 1001 1 0 0 0 1 8 1.95 0 1
9 1001 1 0 0 0 29 451 1.86 0 1
10 1001 1 0 0 0 4 59 1.99 0 1
11 1001 1 0 0 0 7 106 7.66 1 1
12 1001 1 0 0 0 10 160 2.19 0 1
13 1001 1 0 0 0 30 476 2.48 0 1
14 1001 1 0 0 0 28 433 7.18 1 1
15 1001 1 0 0 0 3 35 3.14 0 1
16 1001 1 0 0 0 13 198 2.65 0 1
17 1001 1 0 0 0 27 420 7.61 1 1
18 1001 1 0 0 0 6 85 7.32 1 1
19 1001 1 0 0 0 25 396 1.85 0 1
20 1001 1 0 0 0 20 307 1.87 0 1
21 1001 1 0 0 0 3 36 2.98 0 1
22 1001 1 0 0 0 25 398 1.43 0 1
23 1001 1 0 0 0 17 266 2.6 0 1
24 1001 1 0 0 0 1 6 3.17 0 1
25 1001 1 0 0 0 13 197 2.97 0 1
26 1001 1 0 0 0 17 263 2.59 0 1
27 1001 1 0 0 0 9 136 3.1 0 1
28 1001 1 0 0 0 1 10 3.15 0 1
29 1001 1 0 0 0 18 285 2.27 0 1
30 1001 1 0 0 0 29 463 2.0 0 1
31 1001 1 0 0 0 20 315 2.75 0 1
32 1001 1 0 0 0 15 230 3.4 0 1
33 1001 1 0 0 0 10 155 1.73 0 1
34 1001 1 0 0 0 22 347 6.7 1 1
35 1001 1 0 0 0 25 397 1.77 0 1
36 1001 1 0 0 0 2 18 1.84 0 1
37 1001 1 0 0 0 23 362 7.17 1 1
38 1001 1 0 0 0 13 205 3.26 0 1
39 1001 1 0 0 0 2 17 1.92 0 1
40 1001 1 0 0 0 24 373 7.32 1 1
41 1001 1 0 0 0 17 259 2.5 0 1
42 1001 1 0 0 0 4 64 2.52 0 1
43 1001 1 0 0 0 10 158 2.59 0 1
44 1001 1 0 0 0 3 37 3.08 0 1
45 1001 1 0 0 0 2 25 1.89 0 1
46 1001 1 0 0 0 29 464 1.93 0 1
47 1001 1 0 0 0 9 139 1.74 0 1
48 1001 1 0 0 0 18 277 2.23 0 1
49 1001 1 0 0 0 20 319 2.13 0 1
50 1001 1 0 0 0 18 280 2.15 0 1
1 1008 2 0 0 0 10 149 3.02 0 0
2 1008 2 0 0 0 25 391 1.73 0 0
3 1008 2 0 0 0 29 459 1.82 0 0
4 1008 2 0 0 0 25 400 1.71 0 0
5 1008 2 0 0 0 18 279 1.97 0 0
6 1008 2 0 0 0 2 29 2.68 0 0
7 1008 2 0 0 0 15 227 2.67 0 0
8 1008 2 0 0 0 28 447 7.79 1 0
9 1008 2 0 0 0 1 3 3.17 0 0
10 1008 2 0 0 0 2 26 2.76 0 0
11 1008 2 0 0 0 9 129 3.25 0 0
12 1008 2 0 0 0 1 9 2.49 0 0
13 1008 2 0 0 0 13 206 3.41 0 0
14 1008 2 0 0 0 18 284 1.92 0 0
15 1008 2 0 0 0 25 385 1.43 0 0
16 1008 2 0 0 0 10 152 1.38 0 0
17 1008 2 0 0 0 28 445 7.58 1 0
18 1008 2 0 0 0 15 226 3.2 0 0
19 1008 2 0 0 0 29 456 1.5 0 0
20 1008 2 0 0 0 13 207 3.11 0 0
21 1008 2 0 0 0 24 382 6.86 1 0
22 1008 2 0 0 0 6 86 8.01 1 0
23 1008 2 0 0 0 4 50 2.73 0 0
24 1008 2 0 0 0 17 269 2.8 0 0
25 1008 2 0 0 0 15 238 3.31 0 0
26 1008 2 0 0 0 4 60 2.6 0 0
27 1008 2 0 0 0 30 471 2.73 0 0
28 1008 2 0 0 0 30 467 1.95 0 0
29 1008 2 0 0 0 3 42 2.84 0 0
30 1008 2 0 0 0 2 24 2.31 0 0
31 1008 2 0 0 0 30 466 2.9 0 0
32 1008 2 0 0 0 20 308 2.2 0 0
33 1008 2 0 0 0 13 202 3.09 0 0
34 1008 2 0 0 0 20 318 2.58 0 0
35 1008 2 0 0 0 20 314 1.94 0 0
36 1008 2 0 0 0 17 258 2.89 0 0
37 1008 2 0 0 0 7 99 7.24 1 0
38 1008 2 0 0 0 18 287 2.19 0 0
39 1008 2 0 0 0 17 261 2.14 0 0
40 1008 2 0 0 0 29 452 1.8 0 0
41 1008 2 0 0 0 23 365 6.57 1 0
42 1008 2 0 0 0 9 142 3.22 0 0
43 1008 2 0 0 0 3 47 3.05 0 0
44 1008 2 0 0 0 10 154 2.88 0 0
45 1008 2 0 0 0 1 4 3.18 0 0
46 1008 2 0 0 0 8 125 7.28 1 0
47 1008 2 0 0 0 4 62 2.95 0 0
48 1008 2 0 0 0 7 107 7.11 1 0
49 1008 2 0 0 0 9 141 3.12 0 0
50 1008 2 0 0 0 3 33 2.97 0 0
1 1009 1 0 0 0 30 472 2.55 0 1
2 1009 1 0 0 0 2 18 1.84 0 1
3 1009 1 0 0 0 20 315 2.75 0 1
4 1009 1 0 0 0 13 205 3.26 0 1
5 1009 1 0 0 0 7 106 7.66 1 1
6 1009 1 0 0 0 9 139 1.74 0 1
7 1009 1 0 0 0 17 259 2.5 0 1
8 1009 1 0 0 0 25 397 1.77 0 1
9 1009 1 0 0 0 30 465 2.7 0 1
10 1009 1 0 0 0 18 285 2.27 0 1
11 1009 1 0 0 0 29 463 2.0 0 1
12 1009 1 0 0 0 29 464 1.93 0 1
13 1009 1 0 0 0 13 197 2.97 0 1
14 1009 1 0 0 0 3 35 3.14 0 1
15 1009 1 0 0 0 30 476 2.48 0 1
16 1009 1 0 0 0 20 319 2.13 0 1
17 1009 1 0 0 0 18 277 2.23 0 1
18 1009 1 0 0 0 17 263 2.59 0 1
19 1009 1 0 0 0 1 6 3.17 0 1
20 1009 1 0 0 0 2 17 1.92 0 1
21 1009 1 0 0 0 2 25 1.89 0 1
22 1009 1 0 0 0 1 8 1.95 0 1
23 1009 1 0 0 0 29 451 1.86 0 1
24 1009 1 0 0 0 27 420 7.61 1 1
25 1009 1 0 0 0 20 307 1.87 0 1
26 1009 1 0 0 0 4 64 2.52 0 1
27 1009 1 0 0 0 10 158 2.59 0 1
28 1009 1 0 0 0 15 230 3.4 0 1
29 1009 1 0 0 0 15 228 3.15 0 1
30 1009 1 0 0 0 9 136 3.1 0 1
31 1009 1 0 0 0 18 280 2.15 0 1
32 1009 1 0 0 0 25 396 1.85 0 1
33 1009 1 0 0 0 17 266 2.6 0 1
34 1009 1 0 0 0 1 10 3.15 0 1
35 1009 1 0 0 0 3 37 3.08 0 1
36 1009 1 0 0 0 10 155 1.73 0 1
37 1009 1 0 0 0 28 433 7.18 1 1
38 1009 1 0 0 0 13 198 2.65 0 1
39 1009 1 0 0 0 25 398 1.43 0 1
40 1009 1 0 0 0 23 362 7.17 1 1
41 1009 1 0 0 0 9 140 2.97 0 1
42 1009 1 0 0 0 4 59 1.99 0 1
43 1009 1 0 0 0 24 373 7.32 1 1
44 1009 1 0 0 0 22 347 6.7 1 1
45 1009 1 0 0 0 3 36 2.98 0 1
46 1009 1 0 0 0 4 56 3.02 0 1
47 1009 1 0 0 0 7 112 7.03 1 1
48 1009 1 0 0 0 10 160 2.19 0 1
49 1009 1 0 0 0 6 85 7.32 1 1
50 1009 1 0 0 0 15 240 2.57 0 1
1 1032 2 0 0 0 7 99 7.24 1 1
2 1032 2 0 0 0 29 452 1.8 0 1
3 1032 2 0 0 0 28 447 7.79 1 1
4 1032 2 0 0 0 2 29 2.68 0 1
5 1032 2 0 0 0 20 314 1.94 0 1
6 1032 2 0 0 0 1 3 3.17 0 1
7 1032 2 0 0 0 23 365 6.57 1 1
8 1032 2 0 0 0 3 42 2.84 0 1
9 1032 2 0 0 0 10 149 3.02 0 1
10 1032 2 0 0 0 29 456 1.5 0 1
11 1032 2 0 0 0 9 141 3.12 0 1
12 1032 2 0 0 0 29 459 1.82 0 1
13 1032 2 0 0 0 20 308 2.2 0 1
14 1032 2 0 0 0 15 238 3.31 0 1
15 1032 2 0 0 0 18 279 1.97 0 1
16 1032 2 0 0 0 4 50 2.73 0 1
17 1032 2 0 0 0 30 467 1.95 0 1
18 1032 2 0 0 0 17 269 2.8 0 1
19 1032 2 0 0 0 18 284 1.92 0 1
20 1032 2 0 0 0 13 202 3.09 0 1
21 1032 2 0 0 0 13 206 3.41 0 1
22 1032 2 0 0 0 17 261 2.14 0 1
23 1032 2 0 0 0 28 445 7.58 1 1
24 1032 2 0 0 0 9 142 3.22 0 1
25 1032 2 0 0 0 3 33 2.97 0 1
26 1032 2 0 0 0 10 152 1.38 0 1
27 1032 2 0 0 0 25 385 1.43 0 1
28 1032 2 0 0 0 30 466 2.9 0 1
29 1032 2 0 0 0 3 47 3.05 0 1
30 1032 2 0 0 0 13 207 3.11 0 1
31 1032 2 0 0 0 17 258 2.89 0 1
32 1032 2 0 0 0 15 227 2.67 0 1
33 1032 2 0 0 0 8 125 7.28 1 1
34 1032 2 0 0 0 24 382 6.86 1 1
35 1032 2 0 0 0 6 86 8.01 1 1
36 1032 2 0 0 0 15 226 3.2 0 1
37 1032 2 0 0 0 10 154 2.88 0 1
38 1032 2 0 0 0 25 391 1.73 0 1
39 1032 2 0 0 0 1 4 3.18 0 1
40 1032 2 0 0 0 2 26 2.76 0 1
41 1032 2 0 0 0 9 129 3.25 0 1
42 1032 2 0 0 0 18 287 2.19 0 1
43 1032 2 0 0 0 1 9 2.49 0 1
44 1032 2 0 0 0 20 318 2.58 0 1
45 1032 2 0 0 0 4 60 2.6 0 1
46 1032 2 0 0 0 25 400 1.71 0 1
47 1032 2 0 0 0 2 24 2.31 0 1
48 1032 2 0 0 0 7 107 7.11 1 1
49 1032 2 0 0 0 4 62 2.95 0 1
50 1032 2 0 0 0 30 471 2.73 0 1
1 1021 2 0 0 0 2 26 2.76 0 1
2 1021 2 0 0 0 9 129 3.25 0 1
3 1021 2 0 0 0 4 50 2.73 0 1
4 1021 2 0 0 0 24 382 6.86 1 1
5 1021 2 0 0 0 8 125 7.28 1 1
6 1021 2 0 0 0 23 365 6.57 1 1
7 1021 2 0 0 0 18 284 1.92 0 1
8 1021 2 0 0 0 13 206 3.41 0 1
9 1021 2 0 0 0 4 62 2.95 0 1
10 1021 2 0 0 0 29 459 1.82 0 1
11 1021 2 0 0 0 18 279 1.97 0 1
12 1021 2 0 0 0 28 447 7.79 1 1
13 1021 2 0 0 0 13 207 3.11 0 1
14 1021 2 0 0 0 30 466 2.9 0 1
15 1021 2 0 0 0 9 142 3.22 0 1
16 1021 2 0 0 0 15 238 3.31 0 1
17 1021 2 0 0 0 10 154 2.88 0 1
18 1021 2 0 0 0 20 314 1.94 0 1
19 1021 2 0 0 0 3 42 2.84 0 1
20 1021 2 0 0 0 18 287 2.19 0 1
21 1021 2 0 0 0 10 149 3.02 0 1
22 1021 2 0 0 0 25 400 1.71 0 1
23 1021 2 0 0 0 9 141 3.12 0 1
24 1021 2 0 0 0 3 47 3.05 0 1
25 1021 2 0 0 0 10 152 1.38 0 1
26 1021 2 0 0 0 17 261 2.14 0 1
27 1021 2 0 0 0 17 269 2.8 0 1
28 1021 2 0 0 0 7 99 7.24 1 1
29 1021 2 0 0 0 17 258 2.89 0 1
30 1021 2 0 0 0 1 9 2.49 0 1
31 1021 2 0 0 0 29 456 1.5 0 1
32 1021 2 0 0 0 1 3 3.17 0 1
33 1021 2 0 0 0 7 107 7.11 1 1
34 1021 2 0 0 0 25 391 1.73 0 1
35 1021 2 0 0 0 30 471 2.73 0 1
36 1021 2 0 0 0 4 60 2.6 0 1
37 1021 2 0 0 0 15 227 2.67 0 1
38 1021 2 0 0 0 3 33 2.97 0 1
39 1021 2 0 0 0 29 452 1.8 0 1
40 1021 2 0 0 0 20 308 2.2 0 1
41 1021 2 0 0 0 6 86 8.01 1 1
42 1021 2 0 0 0 13 202 3.09 0 1
43 1021 2 0 0 0 2 29 2.68 0 1
44 1021 2 0 0 0 28 445 7.58 1 1
45 1021 2 0 0 0 15 226 3.2 0 1
46 1021 2 0 0 0 25 385 1.43 0 1
47 1021 2 0 0 0 30 467 1.95 0 1
48 1021 2 0 0 0 1 4 3.18 0 1
49 1021 2 0 0 0 2 24 2.31 0 1
50 1021 2 0 0 0 20 318 2.58 0 1
1 1040 1 0 0 0 13 197 2.97 0 1
2 1040 1 0 0 0 2 18 1.84 0 1
3 1040 1 0 0 0 15 230 3.4 0 1
4 1040 1 0 0 0 7 112 7.03 1 1
5 1040 1 0 0 0 3 35 3.14 0 1
6 1040 1 0 0 0 20 319 2.13 0 1
7 1040 1 0 0 0 20 307 1.87 0 1
8 1040 1 0 0 0 10 155 1.73 0 1
9 1040 1 0 0 0 4 56 3.02 0 1
10 1040 1 0 0 0 30 465 2.7 0 1
11 1040 1 0 0 0 9 139 1.74 0 1
12 1040 1 0 0 0 29 463 2.0 0 1
13 1040 1 0 0 0 29 451 1.86 0 1
14 1040 1 0 0 0 3 36 2.98 0 1
15 1040 1 0 0 0 1 6 3.17 0 1
16 1040 1 0 0 0 10 158 2.59 0 1
17 1040 1 0 0 0 4 64 2.52 0 1
18 1040 1 0 0 0 10 160 2.19 0 1
19 1040 1 0 0 0 15 240 2.57 0 1
20 1040 1 0 0 0 15 228 3.15 0 1
21 1040 1 0 0 0 9 136 3.1 0 1
22 1040 1 0 0 0 25 396 1.85 0 1
23 1040 1 0 0 0 18 277 2.23 0 1
24 1040 1 0 0 0 30 472 2.55 0 1
25 1040 1 0 0 0 30 476 2.48 0 1
26 1040 1 0 0 0 17 259 2.5 0 1
27 1040 1 0 0 0 13 205 3.26 0 1
28 1040 1 0 0 0 27 420 7.61 1 1
29 1040 1 0 0 0 24 373 7.32 1 1
30 1040 1 0 0 0 4 59 1.99 0 1
31 1040 1 0 0 0 3 37 3.08 0 1
32 1040 1 0 0 0 2 17 1.92 0 1
33 1040 1 0 0 0 29 464 1.93 0 1
34 1040 1 0 0 0 22 347 6.7 1 1
35 1040 1 0 0 0 13 198 2.65 0 1
36 1040 1 0 0 0 9 140 2.97 0 1
37 1040 1 0 0 0 1 8 1.95 0 1
38 1040 1 0 0 0 25 398 1.43 0 1
39 1040 1 0 0 0 23 362 7.17 1 1
40 1040 1 0 0 0 7 106 7.66 1 1
41 1040 1 0 0 0 1 10 3.15 0 1
42 1040 1 0 0 0 20 315 2.75 0 1
43 1040 1 0 0 0 28 433 7.18 1 1
44 1040 1 0 0 0 17 266 2.6 0 1
45 1040 1 0 0 0 25 397 1.77 0 1
46 1040 1 0 0 0 2 25 1.89 0 1
47 1040 1 0 0 0 17 263 2.59 0 1
48 1040 1 0 0 0 18 280 2.15 0 1
49 1040 1 0 0 0 6 85 7.32 1 1
50 1040 1 0 0 0 18 285 2.27 0 1
1 1016 2 0 0 0 10 152 1.38 0 1
2 1016 2 0 0 0 13 202 3.09 0 1
3 1016 2 0 0 0 8 125 7.28 1 1
4 1016 2 0 0 0 13 206 3.41 0 1
5 1016 2 0 0 0 6 86 8.01 1 1
6 1016 2 0 0 0 25 385 1.43 0 1
7 1016 2 0 0 0 20 314 1.94 0 1
8 1016 2 0 0 0 1 4 3.18 0 1
9 1016 2 0 0 0 9 141 3.12 0 1
10 1016 2 0 0 0 2 29 2.68 0 1
11 1016 2 0 0 0 15 238 3.31 0 1
12 1016 2 0 0 0 18 287 2.19 0 1
13 1016 2 0 0 0 1 3 3.17 0 1
14 1016 2 0 0 0 20 308 2.2 0 1
15 1016 2 0 0 0 25 400 1.71 0 1
16 1016 2 0 0 0 3 47 3.05 0 1
17 1016 2 0 0 0 3 42 2.84 0 1
18 1016 2 0 0 0 28 447 7.79 1 1
19 1016 2 0 0 0 17 261 2.14 0 1
20 1016 2 0 0 0 15 227 2.67 0 1
21 1016 2 0 0 0 29 456 1.5 0 1
22 1016 2 0 0 0 28 445 7.58 1 1
23 1016 2 0 0 0 29 452 1.8 0 1
24 1016 2 0 0 0 2 24 2.31 0 1
25 1016 2 0 0 0 4 60 2.6 0 1
26 1016 2 0 0 0 23 365 6.57 1 1
27 1016 2 0 0 0 29 459 1.82 0 1
28 1016 2 0 0 0 24 382 6.86 1 1
29 1016 2 0 0 0 9 142 3.22 0 1
30 1016 2 0 0 0 17 258 2.89 0 1
31 1016 2 0 0 0 9 129 3.25 0 1
32 1016 2 0 0 0 10 154 2.88 0 1
33 1016 2 0 0 0 17 269 2.8 0 1
34 1016 2 0 0 0 1 9 2.49 0 1
35 1016 2 0 0 0 20 318 2.58 0 1
36 1016 2 0 0 0 30 466 2.9 0 1
37 1016 2 0 0 0 4 50 2.73 0 1
38 1016 2 0 0 0 7 107 7.11 1 1
39 1016 2 0 0 0 13 207 3.11 0 1
40 1016 2 0 0 0 25 391 1.73 0 1
41 1016 2 0 0 0 4 62 2.95 0 1
42 1016 2 0 0 0 2 26 2.76 0 1
43 1016 2 0 0 0 30 467 1.95 0 1
44 1016 2 0 0 0 3 33 2.97 0 1
45 1016 2 0 0 0 10 149 3.02 0 1
46 1016 2 0 0 0 30 471 2.73 0 1
47 1016 2 0 0 0 15 226 3.2 0 1
48 1016 2 0 0 0 18 279 1.97 0 1
49 1016 2 0 0 0 18 284 1.92 0 1
50 1016 2 0 0 0 7 99 7.24 1 1
1 1005 2 0 0 0 29 459 1.82 0 0
2 1005 2 0 0 0 30 466 2.9 0 0
3 1005 2 0 0 0 28 447 7.79 1 0
4 1005 2 0 0 0 13 202 3.09 0 0
5 1005 2 0 0 0 4 60 2.6 0 0
6 1005 2 0 0 0 15 238 3.31 0 0
7 1005 2 0 0 0 4 50 2.73 0 0
8 1005 2 0 0 0 17 258 2.89 0 0
9 1005 2 0 0 0 9 141 3.12 0 0
10 1005 2 0 0 0 10 154 2.88 0 0
11 1005 2 0 0 0 30 471 2.73 0 0
12 1005 2 0 0 0 13 206 3.41 0 0
13 1005 2 0 0 0 4 62 2.95 0 0
14 1005 2 0 0 0 1 9 2.49 0 0
15 1005 2 0 0 0 23 365 6.57 1 0
16 1005 2 0 0 0 20 318 2.58 0 0
17 1005 2 0 0 0 29 452 1.8 0 0
18 1005 2 0 0 0 3 42 2.84 0 0
19 1005 2 0 0 0 25 391 1.73 0 0
20 1005 2 0 0 0 25 400 1.71 0 0
21 1005 2 0 0 0 6 86 8.01 1 0
22 1005 2 0 0 0 18 287 2.19 0 0
23 1005 2 0 0 0 7 99 7.24 1 0
24 1005 2 0 0 0 17 261 2.14 0 0
25 1005 2 0 0 0 17 269 2.8 0 0
26 1005 2 0 0 0 15 227 2.67 0 0
27 1005 2 0 0 0 24 382 6.86 1 0
28 1005 2 0 0 0 2 26 2.76 0 0
29 1005 2 0 0 0 18 284 1.92 0 0
30 1005 2 0 0 0 9 142 3.22 0 0
31 1005 2 0 0 0 20 314 1.94 0 0
32 1005 2 0 0 0 7 107 7.11 1 0
33 1005 2 0 0 0 9 129 3.25 0 0
34 1005 2 0 0 0 2 29 2.68 0 0
35 1005 2 0 0 0 15 226 3.2 0 0
36 1005 2 0 0 0 1 3 3.17 0 0
37 1005 2 0 0 0 1 4 3.18 0 0
38 1005 2 0 0 0 10 149 3.02 0 0
39 1005 2 0 0 0 2 24 2.31 0 0
40 1005 2 0 0 0 18 279 1.97 0 0
41 1005 2 0 0 0 28 445 7.58 1 0
42 1005 2 0 0 0 8 125 7.28 1 0
43 1005 2 0 0 0 10 152 1.38 0 0
44 1005 2 0 0 0 3 33 2.97 0 0
45 1005 2 0 0 0 25 385 1.43 0 0
46 1005 2 0 0 0 29 456 1.5 0 0
47 1005 2 0 0 0 13 207 3.11 0 0
48 1005 2 0 0 0 30 467 1.95 0 0
49 1005 2 0 0 0 20 308 2.2 0 0
50 1005 2 0 0 0 3 47 3.05 0 0
1 1000 2 0 0 0 7 99 7.24 1 0
2 1000 2 0 0 0 17 258 2.89 0 0
3 1000 2 0 0 0 15 227 2.67 0 0
4 1000 2 0 0 0 2 24 2.31 0 0
5 1000 2 0 0 0 2 29 2.68 0 0
6 1000 2 0 0 0 4 50 2.73 0 0
7 1000 2 0 0 0 6 86 8.01 1 0
8 1000 2 0 0 0 4 62 2.95 0 0
9 1000 2 0 0 0 18 279 1.97 0 0
10 1000 2 0 0 0 28 447 7.79 1 0
11 1000 2 0 0 0 3 47 3.05 0 0
12 1000 2 0 0 0 3 33 2.97 0 0
13 1000 2 0 0 0 1 3 3.17 0 0
14 1000 2 0 0 0 13 202 3.09 0 0
15 1000 2 0 0 0 3 42 2.84 0 0
16 1000 2 0 0 0 1 9 2.49 0 0
17 1000 2 0 0 0 24 382 6.86 1 0
18 1000 2 0 0 0 15 238 3.31 0 0
19 1000 2 0 0 0 20 318 2.58 0 0
20 1000 2 0 0 0 9 142 3.22 0 0
21 1000 2 0 0 0 9 141 3.12 0 0
22 1000 2 0 0 0 25 391 1.73 0 0
23 1000 2 0 0 0 10 149 3.02 0 0
24 1000 2 0 0 0 2 26 2.76 0 0
25 1000 2 0 0 0 17 261 2.14 0 0
26 1000 2 0 0 0 29 456 1.5 0 0
27 1000 2 0 0 0 1 4 3.18 0 0
28 1000 2 0 0 0 29 459 1.82 0 0
29 1000 2 0 0 0 17 269 2.8 0 0
30 1000 2 0 0 0 25 385 1.43 0 0
31 1000 2 0 0 0 13 206 3.41 0 0
32 1000 2 0 0 0 4 60 2.6 0 0
33 1000 2 0 0 0 20 308 2.2 0 0
34 1000 2 0 0 0 25 400 1.71 0 0
35 1000 2 0 0 0 13 207 3.11 0 0
36 1000 2 0 0 0 28 445 7.58 1 0
37 1000 2 0 0 0 20 314 1.94 0 0
38 1000 2 0 0 0 18 284 1.92 0 0
39 1000 2 0 0 0 29 452 1.8 0 0
40 1000 2 0 0 0 15 226 3.2 0 0
41 1000 2 0 0 0 18 287 2.19 0 0
42 1000 2 0 0 0 23 365 6.57 1 0
43 1000 2 0 0 0 30 466 2.9 0 0
44 1000 2 0 0 0 10 152 1.38 0 0
45 1000 2 0 0 0 30 471 2.73 0 0
46 1000 2 0 0 0 30 467 1.95 0 0
47 1000 2 0 0 0 10 154 2.88 0 0
48 1000 2 0 0 0 9 129 3.25 0 0
49 1000 2 0 0 0 8 125 7.28 1 0
50 1000 2 0 0 0 7 107 7.11 1 0
1 1019 1 0 0 0 20 307 1.87 0 1
2 1019 1 0 0 0 2 17 1.92 0 1
3 1019 1 0 0 0 15 230 3.4 0 1
4 1019 1 0 0 0 2 18 1.84 0 1
5 1019 1 0 0 0 30 476 2.48 0 1
6 1019 1 0 0 0 23 362 7.17 1 1
7 1019 1 0 0 0 3 36 2.98 0 1
8 1019 1 0 0 0 17 263 2.59 0 1
9 1019 1 0 0 0 9 136 3.1 0 1
10 1019 1 0 0 0 10 158 2.59 0 1
11 1019 1 0 0 0 1 10 3.15 0 1
12 1019 1 0 0 0 10 155 1.73 0 1
13 1019 1 0 0 0 22 347 6.7 1 1
14 1019 1 0 0 0 29 464 1.93 0 1
15 1019 1 0 0 0 25 398 1.43 0 1
16 1019 1 0 0 0 4 59 1.99 0 1
17 1019 1 0 0 0 10 160 2.19 0 1
18 1019 1 0 0 0 3 35 3.14 0 1
19 1019 1 0 0 0 18 280 2.15 0 1
20 1019 1 0 0 0 1 6 3.17 0 1
21 1019 1 0 0 0 27 420 7.61 1 1
22 1019 1 0 0 0 18 277 2.23 0 1
23 1019 1 0 0 0 7 112 7.03 1 1
24 1019 1 0 0 0 15 240 2.57 0 1
25 1019 1 0 0 0 13 197 2.97 0 1
26 1019 1 0 0 0 30 465 2.7 0 1
27 1019 1 0 0 0 30 472 2.55 0 1
28 1019 1 0 0 0 13 205 3.26 0 1
29 1019 1 0 0 0 9 140 2.97 0 1
30 1019 1 0 0 0 25 396 1.85 0 1
31 1019 1 0 0 0 28 433 7.18 1 1
32 1019 1 0 0 0 24 373 7.32 1 1
33 1019 1 0 0 0 1 8 1.95 0 1
34 1019 1 0 0 0 6 85 7.32 1 1
35 1019 1 0 0 0 20 319 2.13 0 1
36 1019 1 0 0 0 2 25 1.89 0 1
37 1019 1 0 0 0 17 259 2.5 0 1
38 1019 1 0 0 0 4 56 3.02 0 1
39 1019 1 0 0 0 7 106 7.66 1 1
40 1019 1 0 0 0 25 397 1.77 0 1
41 1019 1 0 0 0 3 37 3.08 0 1
42 1019 1 0 0 0 18 285 2.27 0 1
43 1019 1 0 0 0 15 228 3.15 0 1
44 1019 1 0 0 0 17 266 2.6 0 1
45 1019 1 0 0 0 9 139 1.74 0 1
46 1019 1 0 0 0 13 198 2.65 0 1
47 1019 1 0 0 0 4 64 2.52 0 1
48 1019 1 0 0 0 29 451 1.86 0 1
49 1019 1 0 0 0 29 463 2.0 0 1
50 1019 1 0 0 0 20 315 2.75 0 1
