   1   1   1   3.99
   2   1   2   3.93
   3   1   3   3.17
   4   1   4   3.18
   5   1   5   3.32
   6   1   6   3.17
   7   1   7   4.81
   8   1   8   1.95
   9   1   9   2.49
  10   1  10   3.15
  11   1  11   3.35
  12   1  12   3.75
  13   1  13   3.54
  14   1  14   4.47
  15   1  15   3.98
  16   1  16   3.57
  17   2   1   1.92
  18   2   2   1.84
  19   2   3   2.94
  20   2   4   2.47
  21   2   5   2.55
  22   2   6   2.08
  23   2   7   3.42
  24   2   8   2.31
  25   2   9   1.89
  26   2  10   2.76
  27   2  11   3.11
  28   2  12   4.08
  29   2  13   2.68
  30   2  14   4.00
  31   2  15   4.03
  32   2  16   2.15
  33   3   1   2.97
  34   3   2   4.90
  35   3   3   3.14
  36   3   4   2.98
  37   3   5   3.08
  38   3   6   3.72
  39   3   7   4.63
  40   3   8   4.94
  41   3   9   4.38
  42   3  10   2.84
  43   3  11   3.36
  44   3  12   3.55
  45   3  13   4.58
  46   3  14   4.83
  47   3  15   3.05
  48   3  16   3.95
  49   4   1   3.61
  50   4   2   2.73
  51   4   3   3.48
  52   4   4   4.10
  53   4   5   3.60
  54   4   6   3.26
  55   4   7   4.29
  56   4   8   3.02
  57   4   9   3.48
  58   4  10   3.11
  59   4  11   1.99
  60   4  12   2.60
  61   4  13   3.32
  62   4  14   2.95
  63   4  15   3.37
  64   4  16   2.52
  65   5   1   5.23
  66   5   2   3.29
  67   5   3   3.60
  68   5   4   3.60
  69   5   5   4.49
  70   5   6   3.73
  71   5   7   3.89
  72   5   8   3.95
  73   5   9   5.38
  74   5  10   4.34
  75   5  11   4.03
  76   5  12   3.86
  77   5  13   4.56
  78   5  14   4.29
  79   5  15   4.22
  80   5  16   4.06
  81   6   1   4.08
  82   6   2   6.06
  83   6   3   4.51
  84   6   4   5.67
  85   6   5   7.32
  86   6   6   8.01
  87   6   7   7.28
  88   6   8   6.82
  89   6   9   5.85
  90   6  10   5.73
  91   6  11   5.22
  92   6  12   5.70
  93   6  13   4.85
  94   6  14   5.17
  95   6  15   6.67
  96   6  16   5.44
  97   7   1   5.93
  98   7   2   6.37
  99   7   3   7.24
 100   7   4   5.03
 101   7   5   6.22
 102   7   6   6.01
 103   7   7   6.79
 104   7   8   7.03
 105   7   9   6.37
 106   7  10   7.66
 107   7  11   7.11
 108   7  12   5.15
 109   7  13   5.15
 110   7  14   4.79
 111   7  15   7.02
 112   7  16   7.03
 113   8   1   2.31
 114   8   2   5.18
 115   8   3   5.71
 116   8   4   6.39
 117   8   5   3.89
 118   8   6   5.78
 119   8   7   3.46
 120   8   8   4.77
 121   8   9   5.71
 122   8  10   4.64
 123   8  11   3.59
 124   8  12   5.16
 125   8  13   7.28
 126   8  14   3.64
 127   8  15   6.28
 128   8  16   4.48
 129   9   1   3.25
 130   9   2   4.41
 131   9   3   3.41
 132   9   4   3.48
 133   9   5   3.37
 134   9   6   4.16
 135   9   7   3.58
 136   9   8   3.10
 137   9   9   5.50
 138   9  10   4.58
 139   9  11   1.74
 140   9  12   2.97
 141   9  13   3.12
 142   9  14   3.22
 143   9  15   4.18
 144   9  16   5.37
 145  10   1   3.36
 146  10   2   3.26
 147  10   3   4.55
 148  10   4   3.73
 149  10   5   3.02
 150  10   6   5.00
 151  10   7   2.73
 152  10   8   1.38
 153  10   9   3.52
 154  10  10   2.88
 155  10  11   1.73
 156  10  12   3.68
 157  10  13   4.83
 158  10  14   2.59
 159  10  15   4.58
 160  10  16   2.19
 161  11   1   5.20
 162  11   2   2.70
 163  11   3   6.58
 164  11   4   2.89
 165  11   5   3.59
 166  11   6   2.80
 167  11   7   3.78
 168  11   8   4.89
 169  11   9   3.83
 170  11  10   3.83
 171  11  11   5.28
 172  11  12   5.62
 173  11  13   3.10
 174  11  14   3.65
 175  11  15   2.70
 176  11  16   2.97
 177  12   1   4.23
 178  12   2   4.43
 179  12   3   5.43
 180  12   4   6.25
 181  12   5   4.71
 182  12   6   3.36
 183  12   7   4.27
 184  12   8   4.77
 185  12   9   4.76
 186  12  10   5.19
 187  12  11   4.38
 188  12  12   5.69
 189  12  13   4.81
 190  12  14   4.36
 191  12  15   4.62
 192  12  16   5.66
 193  13   1   4.54
 194  13   2   3.75
 195  13   3   3.63
 196  13   4   3.89
 197  13   5   2.97
 198  13   6   2.65
 199  13   7   3.39
 200  13   8   3.69
 201  13   9   3.85
 202  13  10   3.09
 203  13  11   3.66
 204  13  12   4.52
 205  13  13   3.26
 206  13  14   3.41
 207  13  15   3.11
 208  13  16   3.64
 209  14   1   3.04
 210  14   2   2.00
 211  14   3   2.55
 212  14   4   2.22
 213  14   5   3.12
 214  14   6   2.66
 215  14   7   2.97
 216  14   8   2.90
 217  14   9   2.70
 218  14  10   2.88
 219  14  11   2.59
 220  14  12   2.62
 221  14  13   3.20
 222  14  14   2.30
 223  14  15   1.84
 224  14  16   2.84
 225  15   1   4.10
 226  15   2   3.20
 227  15   3   2.67
 228  15   4   3.15
 229  15   5   4.10
 230  15   6   3.40
 231  15   7   3.77
 232  15   8   4.35
 233  15   9   4.25
 234  15  10   4.13
 235  15  11   3.81
 236  15  12   3.95
 237  15  13   3.80
 238  15  14   3.31
 239  15  15   6.35
 240  15  16   2.57
 241  16   1   4.90
 242  16   2   3.98
 243  16   3   3.70
 244  16   4   5.07
 245  16   5   4.03
 246  16   6   4.63
 247  16   7   4.38
 248  16   8   2.79
 249  16   9   3.84
 250  16  10   3.30
 251  16  11   4.36
 252  16  12   4.03
 253  16  13   5.01
 254  16  14   4.62
 255  16  15   5.37
 256  16  16   3.86
 257  17   1   5.54
 258  17   2   2.89
 259  17   3   2.50
 260  17   4   4.37
 261  17   5   2.14
 262  17   6   3.03
 263  17   7   2.59
 264  17   8   4.33
 265  17   9   2.96
 266  17  10   2.60
 267  17  11   3.56
 268  17  12   3.83
 269  17  13   2.80
 270  17  14   4.08
 271  17  15   3.05
 272  17  16   3.06
 273  18   1   2.30
 274  18   2   2.52
 275  18   3   3.60
 276  18   4   3.06
 277  18   5   2.23
 278  18   6   3.63
 279  18   7   1.97
 280  18   8   2.15
 281  18   9   2.62
 282  18  10   3.75
 283  18  11   2.89
 284  18  12   1.92
 285  18  13   2.27
 286  18  14   3.30
 287  18  15   2.19
 288  18  16   3.41
 289  19   1   2.56
 290  19   2   3.37
 291  19   3   4.03
 292  19   4   3.63
 293  19   5   3.66
 294  19   6   4.98
 295  19   7   4.20
 296  19   8   6.46
 297  19   9   3.31
 298  19  10   3.42
 299  19  11   6.22
 300  19  12   4.27
 301  19  13   3.37
 302  19  14   4.12
 303  19  15   3.26
 304  19  16   4.97
 305  20   1   2.89
 306  20   2   2.88
 307  20   3   1.87
 308  20   4   2.20
 309  20   5   2.63
 310  20   6   2.86
 311  20   7   3.48
 312  20   8   1.90
 313  20   9   3.60
 314  20  10   1.94
 315  20  11   2.75
 316  20  12   3.25
 317  20  13   2.45
 318  20  14   2.58
 319  20  15   2.13
 320  20  16   2.55
 321  21   1   4.17
 322  21   2   4.82
 323  21   3   4.20
 324  21   4   4.93
 325  21   5   3.63
 326  21   6   3.40
 327  21   7   3.00
 328  21   8   3.92
 329  21   9   4.68
 330  21  10   3.47
 331  21  11   3.71
 332  21  12   3.50
 333  21  13   5.06
 334  21  14   4.51
 335  21  15   3.21
 336  21  16   4.30
 337  22   1   7.35
 338  22   2   5.94
 339  22   3   5.07
 340  22   4   5.13
 341  22   5   6.25
 342  22   6   5.23
 343  22   7   6.19
 344  22   8   7.14
 345  22   9   6.70
 346  22  10   5.00
 347  22  11   6.70
 348  22  12   5.03
 349  22  13   5.56
 350  22  14   4.60
 351  22  15   5.43
 352  22  16   5.94
 353  23   1   5.21
 354  23   2   3.81
 355  23   3   5.30
 356  23   4   2.74
 357  23   5   5.12
 358  23   6   4.22
 359  23   7   2.65
 360  23   8   5.52
 361  23   9   4.92
 362  23  10   7.17
 363  23  11   7.12
 364  23  12   4.06
 365  23  13   6.57
 366  23  14   4.50
 367  23  15   4.11
 368  23  16   5.43
 369  24   1   6.23
 370  24   2   5.13
 371  24   3   4.73
 372  24   4   5.91
 373  24   5   7.32
 374  24   6   4.24
 375  24   7   6.97
 376  24   8   4.83
 377  24   9   5.21
 378  24  10   5.63
 379  24  11   5.97
 380  24  12   3.05
 381  24  13   6.48
 382  24  14   6.86
 383  24  15   6.71
 384  24  16   6.38
 385  25   1   1.43
 386  25   2   5.49
 387  25   3   3.42
 388  25   4   1.93
 389  25   5   3.84
 390  25   6   2.51
 391  25   7   1.73
 392  25   8   3.66
 393  25   9   2.11
 394  25  10   3.57
 395  25  11   5.56
 396  25  12   1.85
 397  25  13   1.77
 398  25  14   1.43
 399  25  15   2.16
 400  25  16   1.71
 401  26   1   2.94
 402  26   2   2.77
 403  26   3   4.00
 404  26   4   3.76
 405  26   5   8.21
 406  26   6   1.80
 407  26   7   1.85
 408  26   8   3.71
 409  26   9   2.70
 410  26  10   1.68
 411  26  11   1.87
 412  26  12   3.14
 413  26  13   2.16
 414  26  14   2.42
 415  26  15   2.28
 416  26  16   2.21
 417  27   1   3.97
 418  27   2   5.19
 419  27   3   4.18
 420  27   4   7.61
 421  27   5   3.48
 422  27   6   2.61
 423  27   7   2.64
 424  27   8   5.57
 425  27   9   6.03
 426  27  10   4.72
 427  27  11   4.73
 428  27  12   6.22
 429  27  13   4.94
 430  27  14   7.01
 431  27  15   6.11
 432  27  16   5.49
 433  28   1   7.18
 434  28   2   5.13
 435  28   3   4.83
 436  28   4   7.89
 437  28   5   5.16
 438  28   6   5.53
 439  28   7   6.66
 440  28   8   6.26
 441  28   9   7.08
 442  28  10   4.00
 443  28  11   4.90
 444  28  12   5.86
 445  28  13   7.58
 446  28  14   7.57
 447  28  15   7.79
 448  28  16   6.23
 449  29   1   4.78
 450  29   2   2.09
 451  29   3   1.86
 452  29   4   1.80
 453  29   5   5.42
 454  29   6   3.70
 455  29   7   5.02
 456  29   8   1.50
 457  29   9   3.66
 458  29  10   2.05
 459  29  11   1.82
 460  29  12   2.68
 461  29  13   2.94
 462  29  14   2.57
 463  29  15   2.00
 464  29  16   1.93
 465  30   1   2.70
 466  30   2   2.90
 467  30   3   1.95
 468  30   4   2.23
 469  30   5   2.55
 470  30   6   4.11
 471  30   7   2.73
 472  30   8   2.55
 473  30   9   3.70
 474  30  10   1.91
 475  30  11   4.05
 476  30  12   2.48
 477  30  13   1.88
 478  30  14   2.68
 479  30  15   1.84
 480  30  16   2.31