   1 501   1   1
  11 502   1  11
  22 503   2   6
  27 504   2  11
  33 505   3   1
  39 506   3   7
  51 507   4   3
  57 508   4   9
  67 509   5   3
  73 510   5   9
  85 511   6   5
  86 512   6   6
  99 513   7   3
 105 514   7   9
 118 515   8   6
 119 516   8   7
 129 517   9   1
 131 518   9   3
 146 519  10   2
 152 520  10   8
 166 601  11   6
 172 602  11  12
 177 603  12   1
 189 604  12  13
 202 605  13  10
 207 606  13  15
 210 607  14   2
 213 608  14   5
 225 609  15   1
 232 610  15   8
 255 611  16  15
 256 612  16  16
 263 613  17   7
 266 614  17  10
 283 615  18  11
 285 616  18  13
 289 617  19   1
 301 618  19  13
 310 619  20   6
 315 620  20  11
 322 701  21   2
 326 702  21   6
 344 703  22   8
 349 704  22  13
 356 705  23   4
 367 706  23  15
 376 707  24   8
 380 708  24  12
 385 709  25   1
 396 710  25  12
 402 711  26   2
 408 712  26   8
 419 713  27   3
 425 714  27   9
 446 715  28  14
 447 716  28  15
 454 717  29   6
 463 718  29  15
 466 719  30   2
 469 720  30   5

parent photo  subtype token
