image_id condition group n_subj n_yes item_type distinct_rating distinct_type prop_yes resp_type HS_preds
3 0 1 65 20 0 3.17 0 0.3106060606060606 0 0.4872225927082491
3 0 2 61 32 1 3.17 0 0.5241935483870968 1 0.6719014354737161
3 1 1 50 14 0 3.17 0 0.284313725490196 0 0.4872225927082491
3 1 2 56 28 1 3.17 0 0.5 1 0.6719014354737161
4 0 1 65 37 0 3.18 0 0.5681818181818182 0 0.4601678104673608
4 0 2 61 34 1 3.18 0 0.5564516129032258 1 0.6644308080478283
4 1 1 50 23 0 3.18 0 0.4607843137254901 0 0.4601678104673608
4 1 2 56 25 1 3.18 0 0.4473684210526316 1 0.6644308080478283
6 0 1 65 48 1 3.17 0 0.7348484848484849 1 0.6968978090754259
6 0 2 61 34 0 3.17 0 0.5564516129032258 0 0.5075332214389073
6 1 1 50 34 1 3.17 0 0.6764705882352942 1 0.6968978090754259
6 1 2 56 24 0 3.17 0 0.4298245614035088 0 0.5075332214389073
8 0 1 65 44 1 1.95 0 0.6742424242424242 1 0.7228589291677883
8 0 2 61 36 0 1.95 0 0.5887096774193549 0 0.5770124175022695
8 1 1 50 38 1 1.95 0 0.7549019607843137 1 0.7228589291677883
8 1 2 56 35 0 1.95 0 0.6228070175438597 0 0.5770124175022695
9 0 1 65 45 0 2.49 0 0.6893939393939394 0 0.6070190446333796
9 0 2 61 47 1 2.49 0 0.7661290322580645 1 0.6828732478359809
9 1 1 50 36 0 2.49 0 0.7156862745098039 0 0.6070190446333796
9 1 2 56 44 1 2.49 0 0.7807017543859649 1 0.6828732478359809
10 0 1 65 32 1 3.15 0 0.4924242424242424 1 0.6958201053901751
10 0 2 61 20 0 3.15 0 0.3306451612903225 0 0.475238015630427
10 1 1 50 30 1 3.15 0 0.5980392156862745 1 0.6958201053901751
10 1 2 56 24 0 3.15 0 0.4298245614035088 0 0.475238015630427
17 0 1 65 49 1 1.92 0 0.75 1 0.7219015188339899
17 0 2 61 39 0 1.92 0 0.6370967741935484 0 0.6248641572734343
17 1 1 50 39 1 1.92 0 0.7745098039215687 1 0.7219015188339899
17 1 2 56 40 0 1.92 0 0.7105263157894737 0 0.6248641572734343
18 0 1 65 47 1 1.84 0 0.7196969696969697 1 0.7206867407129708
18 0 2 61 32 0 1.84 0 0.5241935483870968 0 0.6281212786094217
18 1 1 50 42 1 1.84 0 0.8333333333333334 1 0.7206867407129708
18 1 2 56 38 0 1.84 0 0.6754385964912281 0 0.6281212786094217
24 0 1 65 18 0 2.31 0 0.2803030303030303 0 0.4898747381264718
24 0 2 61 31 1 2.31 0 0.5080645161290323 1 0.6590607490842543
24 1 1 50 11 0 2.31 0 0.2254901960784313 0 0.4898747381264718
24 1 2 56 36 1 2.31 0 0.6403508771929824 1 0.6590607490842543
25 0 1 65 50 1 1.89 0 0.7651515151515151 1 0.7343824987335431
25 0 2 61 34 0 1.89 0 0.5564516129032258 0 0.6325225514453082
25 1 1 50 32 1 1.89 0 0.6372549019607843 1 0.7343824987335431
25 1 2 56 32 0 1.89 0 0.5701754385964912 0 0.6325225514453082
26 0 1 65 22 0 2.76 0 0.3409090909090909 0 0.4742003926229856
26 0 2 61 40 1 2.76 0 0.6532258064516129 1 0.6877897938657286
26 1 1 50 13 0 2.76 0 0.2647058823529412 0 0.4742003926229856
26 1 2 56 30 1 2.76 0 0.5350877192982456 1 0.6877897938657286
29 0 1 65 25 0 2.68 0 0.3863636363636363 0 0.460548722523579
29 0 2 61 40 1 2.68 0 0.6532258064516129 1 0.6787183053698075
29 1 1 50 17 0 2.68 0 0.3431372549019608 0 0.460548722523579
29 1 2 56 36 1 2.68 0 0.6403508771929824 1 0.6787183053698075
33 0 1 65 42 0 2.97 0 0.6439393939393939 0 0.5459074706022593
33 0 2 61 53 1 2.97 0 0.8629032258064516 1 0.6750334699696957
33 1 1 50 33 0 2.97 0 0.6568627450980392 0 0.5459074706022593
33 1 2 56 43 1 2.97 0 0.7631578947368421 1 0.6750334699696957
35 0 1 65 58 1 3.14 0 0.8863636363636364 1 0.6952942495751635
35 0 2 61 53 0 3.14 0 0.8629032258064516 0 0.4979151759976045
35 1 1 50 45 1 3.14 0 0.8921568627450981 1 0.6952942495751635
35 1 2 56 50 0 3.14 0 0.8859649122807017 0 0.4979151759976045
36 0 1 65 48 1 2.98 0 0.7348484848484849 1 0.6845872836757265
36 0 2 61 42 0 2.98 0 0.6854838709677419 0 0.5036573263280103
36 1 1 50 39 1 2.98 0 0.7745098039215687 1 0.6845872836757265
36 1 2 56 40 0 2.98 0 0.7105263157894737 0 0.5036573263280103
37 0 1 65 58 1 3.08 0 0.8863636363636364 1 0.6878074747265934
37 0 2 61 40 0 3.08 0 0.6532258064516129 0 0.4550140373965823
37 1 1 50 38 1 3.08 0 0.7549019607843137 1 0.6878074747265934
37 1 2 56 39 0 3.08 0 0.6929824561403509 0 0.4550140373965823
42 0 1 65 39 0 2.84 0 0.5984848484848485 0 0.4196680748426977
42 0 2 61 37 1 2.84 0 0.6048387096774194 1 0.6404700772429177
42 1 1 50 24 0 2.84 0 0.4803921568627451 0 0.4196680748426977
42 1 2 56 40 1 2.84 0 0.7105263157894737 1 0.6404700772429177
47 0 1 65 39 0 3.05 0 0.5984848484848485 0 0.3740977159020031
47 0 2 61 46 1 3.05 0 0.75 1 0.6588984338240111
47 1 1 50 29 0 3.05 0 0.5784313725490197 0 0.3740977159020031
47 1 2 56 43 1 3.05 0 0.7631578947368421 1 0.6588984338240111
50 0 1 65 25 0 2.73 0 0.3863636363636363 0 0.5418914042817168
50 0 2 61 33 1 2.73 0 0.5403225806451613 1 0.6931766818734766
50 1 1 50 12 0 2.73 0 0.2450980392156862 0 0.5418914042817168
50 1 2 56 31 1 2.73 0 0.5526315789473685 1 0.6931766818734766
56 0 1 65 38 1 3.02 0 0.5833333333333334 1 0.6754830673623623
56 0 2 61 31 0 3.02 0 0.5080645161290323 0 0.4737424589726889
56 1 1 50 35 1 3.02 0 0.696078431372549 1 0.6754830673623623
56 1 2 56 28 0 3.02 0 0.5 0 0.4737424589726889
59 0 1 65 40 1 1.99 0 0.6136363636363636 1 0.7169076291643138
59 0 2 61 26 0 1.99 0 0.4274193548387097 0 0.5951049085922627
59 1 1 50 38 1 1.99 0 0.7549019607843137 1 0.7169076291643138
59 1 2 56 23 0 1.99 0 0.4122807017543859 0 0.5951049085922627
60 0 1 65 37 0 2.6 0 0.5681818181818182 0 0.5571256198403426
60 0 2 61 42 1 2.6 0 0.6854838709677419 1 0.6808966609290822
60 1 1 50 26 0 2.6 0 0.5196078431372549 0 0.5571256198403426
60 1 2 56 32 1 2.6 0 0.5701754385964912 1 0.6808966609290822
62 0 1 65 28 0 2.95 0 0.4318181818181818 0 0.3493469398276548
62 0 2 61 40 1 2.95 0 0.6532258064516129 1 0.6489309608762777
62 1 1 50 23 0 2.95 0 0.4607843137254901 0 0.3493469398276548
62 1 2 56 38 1 2.95 0 0.6754385964912281 1 0.6489309608762777
64 0 1 65 30 1 2.52 0 0.4621212121212121 1 0.6205940476575532
64 0 2 61 38 0 2.52 0 0.6209677419354839 0 0.5466839931029882
64 1 1 50 21 1 2.52 0 0.4215686274509804 1 0.6205940476575532
64 1 2 56 28 0 2.52 0 0.5 0 0.5466839931029882
85 0 1 65 52 1 7.32 1 0.7954545454545454 1 0.7657701831261683
85 0 2 61 7 0 7.32 1 0.1209677419354838 0 0.1572394524077406
85 1 1 50 43 1 7.32 1 0.8529411764705882 1 0.7657701831261683
85 1 2 56 7 0 7.32 1 0.131578947368421 0 0.1572394524077406
86 0 1 65 3 0 8.01 1 0.053030303030303 0 0.0722365488704658
86 0 2 61 45 1 8.01 1 0.7338709677419355 1 0.7324797361279853
86 1 1 50 3 0 8.01 1 0.0686274509803921 0 0.0722365488704658
86 1 2 56 47 1 8.01 1 0.8333333333333334 1 0.7324797361279853
99 0 1 65 10 0 7.24 1 0.1590909090909091 0 0.1336091054985582
99 0 2 61 30 1 7.24 1 0.4919354838709677 1 0.7170922739542354
99 1 1 50 8 0 7.24 1 0.1666666666666666 0 0.1336091054985582
99 1 2 56 35 1 7.24 1 0.6228070175438597 1 0.7170922739542354
106 0 1 65 39 1 7.66 1 0.5984848484848485 1 0.7774395346803639
106 0 2 61 12 0 7.66 1 0.2016129032258064 0 0.1830166438445125
106 1 1 50 40 1 7.66 1 0.7941176470588235 1 0.7774395346803639
106 1 2 56 7 0 7.66 1 0.131578947368421 0 0.1830166438445125
107 0 1 65 15 0 7.11 1 0.2348484848484848 0 0.0928481552028318
107 0 2 61 34 1 7.11 1 0.5564516129032258 1 0.7142439825360148
107 1 1 50 13 0 7.11 1 0.2647058823529412 0 0.0928481552028318
107 1 2 56 46 1 7.11 1 0.8157894736842105 1 0.7142439825360148
112 0 1 65 42 1 7.03 1 0.6439393939393939 1 0.7584051363941346
112 0 2 61 8 0 7.03 1 0.1370967741935483 0 0.2021379012570772
112 1 1 50 38 1 7.03 1 0.7549019607843137 1 0.7584051363941346
112 1 2 56 12 0 7.03 1 0.219298245614035 0 0.2021379012570772
125 0 1 65 2 0 7.28 1 0.0378787878787878 0 0.1310721018621885
125 0 2 61 34 1 7.28 1 0.5564516129032258 1 0.7186386448302872
125 1 1 50 5 0 7.28 1 0.1078431372549019 0 0.1310721018621885
125 1 2 56 37 1 7.28 1 0.6578947368421053 1 0.7186386448302872
129 0 1 65 37 0 3.25 0 0.5681818181818182 0 0.3969360455513942
129 0 2 61 48 1 3.25 0 0.782258064516129 1 0.6299674935887692
129 1 1 50 26 0 3.25 0 0.5196078431372549 0 0.3969360455513942
129 1 2 56 42 1 3.25 0 0.7456140350877193 1 0.6299674935887692
136 0 1 65 40 1 3.1 0 0.6136363636363636 1 0.6741689208497327
136 0 2 61 17 0 3.1 0 0.282258064516129 0 0.3774327542902615
136 1 1 50 35 1 3.1 0 0.696078431372549 1 0.6741689208497327
136 1 2 56 31 0 3.1 0 0.5526315789473685 0 0.3774327542902615
139 0 1 65 52 1 1.74 0 0.7954545454545454 1 0.6585575866668645
139 0 2 61 35 0 1.74 0 0.5725806451612904 0 0.4964907938104723
139 1 1 50 39 1 1.74 0 0.7745098039215687 1 0.6585575866668645
139 1 2 56 32 0 1.74 0 0.5701754385964912 0 0.4964907938104723
140 0 1 65 26 1 2.97 0 0.4015151515151515 1 0.6744907269920501
140 0 2 61 21 0 2.97 0 0.3467741935483871 0 0.4217350971648704
140 1 1 50 34 1 2.97 0 0.6764705882352942 1 0.6744907269920501
140 1 2 56 11 0 2.97 0 0.2017543859649122 0 0.4217350971648704
141 0 1 65 23 0 3.12 0 0.3560606060606061 0 0.2991524264748813
141 0 2 61 42 1 3.12 0 0.6854838709677419 1 0.6560156297287142
141 1 1 50 18 0 3.12 0 0.3627450980392157 0 0.2991524264748813
141 1 2 56 46 1 3.12 0 0.8157894736842105 1 0.6560156297287142
142 0 1 65 36 0 3.22 0 0.553030303030303 0 0.3046322636065127
142 0 2 61 47 1 3.22 0 0.7661290322580645 1 0.6578205371640125
142 1 1 50 22 0 3.22 0 0.4411764705882353 0 0.3046322636065127
142 1 2 56 48 1 3.22 0 0.8508771929824561 1 0.6578205371640125
149 0 1 65 20 0 3.02 0 0.3106060606060606 0 0.4690959696486714
149 0 2 61 29 1 3.02 0 0.4758064516129032 1 0.6802258229810297
149 1 1 50 13 0 3.02 0 0.2647058823529412 0 0.4690959696486714
149 1 2 56 26 1 3.02 0 0.4649122807017544 1 0.6802258229810297
152 0 1 65 26 0 1.38 0 0.4015151515151515 0 0.5133027772869891
152 0 2 61 42 1 1.38 0 0.6854838709677419 1 0.6563070282828296
152 1 1 50 17 0 1.38 0 0.3431372549019608 0 0.5133027772869891
152 1 2 56 32 1 1.38 0 0.5701754385964912 1 0.6563070282828296
154 0 1 65 44 0 2.88 0 0.6742424242424242 0 0.420508761483375
154 0 2 61 45 1 2.88 0 0.7338709677419355 1 0.641960157511304
154 1 1 50 26 0 2.88 0 0.5196078431372549 0 0.420508761483375
154 1 2 56 40 1 2.88 0 0.7105263157894737 1 0.641960157511304
155 0 1 65 48 1 1.73 0 0.7348484848484849 1 0.7375658453208292
155 0 2 61 35 0 1.73 0 0.5725806451612904 0 0.6206683933327892
155 1 1 50 38 1 1.73 0 0.7549019607843137 1 0.7375658453208292
155 1 2 56 42 0 1.73 0 0.7456140350877193 0 0.6206683933327892
158 0 1 65 40 1 2.59 0 0.6136363636363636 1 0.6590872832935851
158 0 2 61 16 0 2.59 0 0.2661290322580645 0 0.4432849778610374
158 1 1 50 30 1 2.59 0 0.5980392156862745 1 0.6590872832935851
158 1 2 56 21 0 2.59 0 0.3771929824561403 0 0.4432849778610374
160 0 1 65 50 1 2.19 0 0.7651515151515151 1 0.6957346960488497
160 0 2 61 34 0 2.19 0 0.5564516129032258 0 0.504740137798893
160 1 1 50 35 1 2.19 0 0.696078431372549 1 0.6957346960488497
160 1 2 56 33 0 2.19 0 0.5877192982456141 0 0.504740137798893
197 0 1 65 56 1 2.97 0 0.8560606060606061 1 0.644451612155886
197 0 2 61 49 0 2.97 0 0.7983870967741935 0 0.4605372423610426
197 1 1 50 36 1 2.97 0 0.7156862745098039 1 0.644451612155886
197 1 2 56 43 0 2.97 0 0.7631578947368421 0 0.4605372423610426
198 0 1 65 42 1 2.65 0 0.6439393939393939 1 0.6654502949319593
198 0 2 61 29 0 2.65 0 0.4758064516129032 0 0.4685811194307746
198 1 1 50 38 1 2.65 0 0.7549019607843137 1 0.6654502949319593
198 1 2 56 32 0 2.65 0 0.5701754385964912 0 0.4685811194307746
202 0 1 65 40 0 3.09 0 0.6136363636363636 0 0.4111114517899641
202 0 2 61 45 1 3.09 0 0.7338709677419355 1 0.6649053268269334
202 1 1 50 30 0 3.09 0 0.5980392156862745 0 0.4111114517899641
202 1 2 56 45 1 3.09 0 0.7982456140350878 1 0.6649053268269334
205 0 1 65 38 1 3.26 0 0.5833333333333334 1 0.6354295298395796
205 0 2 61 43 0 3.26 0 0.7016129032258065 0 0.4750922919115983
205 1 1 50 29 1 3.26 0 0.5784313725490197 1 0.6354295298395796
205 1 2 56 31 0 3.26 0 0.5526315789473685 0 0.4750922919115983
206 0 1 65 31 0 3.41 0 0.4772727272727273 0 0.3714466304533242
206 0 2 61 45 1 3.41 0 0.7338709677419355 1 0.6585367661606387
206 1 1 50 20 0 3.41 0 0.4019607843137255 0 0.3714466304533242
206 1 2 56 45 1 3.41 0 0.7982456140350878 1 0.6585367661606387
207 0 1 65 24 0 3.11 0 0.3712121212121212 0 0.3521125694679543
207 0 2 61 47 1 3.11 0 0.7661290322580645 1 0.6354427749558795
207 1 1 50 15 0 3.11 0 0.3039215686274509 0 0.3521125694679543
207 1 2 56 42 1 3.11 0 0.7456140350877193 1 0.6354427749558795
226 0 1 65 40 0 3.2 0 0.6136363636363636 0 0.4468903462079842
226 0 2 61 51 1 3.2 0 0.8306451612903226 1 0.6359315650487894
226 1 1 50 29 0 3.2 0 0.5784313725490197 0 0.4468903462079842
226 1 2 56 48 1 3.2 0 0.8508771929824561 1 0.6359315650487894
227 0 1 65 21 0 2.67 0 0.3257575757575757 0 0.3624783229582063
227 0 2 61 44 1 2.67 0 0.717741935483871 1 0.6189872658565142
227 1 1 50 12 0 2.67 0 0.2450980392156862 0 0.3624783229582063
227 1 2 56 39 1 2.67 0 0.6929824561403509 1 0.6189872658565142
228 0 1 65 52 1 3.15 0 0.7954545454545454 1 0.6577697656843735
228 0 2 61 37 0 3.15 0 0.6048387096774194 0 0.4577282767113685
228 1 1 50 37 1 3.15 0 0.7352941176470589 1 0.6577697656843735
228 1 2 56 31 0 3.15 0 0.5526315789473685 0 0.4577282767113685
230 0 1 65 43 1 3.4 0 0.6590909090909091 1 0.6739964047478371
230 0 2 61 30 0 3.4 0 0.4919354838709677 0 0.4486783475031458
230 1 1 50 36 1 3.4 0 0.7156862745098039 1 0.6739964047478371
230 1 2 56 30 0 3.4 0 0.5350877192982456 0 0.4486783475031458
238 0 1 65 26 0 3.31 0 0.4015151515151515 0 0.5651547620694635
238 0 2 61 43 1 3.31 0 0.7016129032258065 1 0.6831290774811593
238 1 1 50 18 0 3.31 0 0.3627450980392157 0 0.5651547620694635
238 1 2 56 42 1 3.31 0 0.7456140350877193 1 0.6831290774811593
240 0 1 65 44 1 2.57 0 0.6742424242424242 1 0.7415181176891755
240 0 2 61 37 0 2.57 0 0.6048387096774194 0 0.6181219116388126
240 1 1 50 38 1 2.57 0 0.7549019607843137 1 0.7415181176891755
240 1 2 56 29 0 2.57 0 0.5175438596491229 0 0.6181219116388126
258 0 1 65 24 0 2.89 0 0.3712121212121212 0 0.6436223070114585
258 0 2 61 31 1 2.89 0 0.5080645161290323 1 0.7465668064737204
258 1 1 50 22 0 2.89 0 0.4411764705882353 0 0.6436223070114585
258 1 2 56 41 1 2.89 0 0.7280701754385965 1 0.7465668064737204
259 0 1 65 32 1 2.5 0 0.4924242424242424 1 0.6818423019044443
259 0 2 61 23 0 2.5 0 0.3790322580645161 0 0.5162701264061955
259 1 1 50 29 1 2.5 0 0.5784313725490197 1 0.6818423019044443
259 1 2 56 22 0 2.5 0 0.3947368421052631 0 0.5162701264061955
261 0 1 65 33 0 2.14 0 0.5075757575757576 0 0.5328327016468911
261 0 2 61 48 1 2.14 0 0.782258064516129 1 0.6957614888069203
261 1 1 50 35 0 2.14 0 0.696078431372549 0 0.5328327016468911
261 1 2 56 35 1 2.14 0 0.6228070175438597 1 0.6957614888069203
263 0 1 65 43 1 2.59 0 0.6590909090909091 1 0.6335475764732553
263 0 2 61 40 0 2.59 0 0.6532258064516129 0 0.4704270766247202
263 1 1 50 37 1 2.59 0 0.7352941176470589 1 0.6335475764732553
263 1 2 56 38 0 2.59 0 0.6754385964912281 0 0.4704270766247202
266 0 1 65 25 1 2.6 0 0.3863636363636363 1 0.6982246328572886
266 0 2 61 23 0 2.6 0 0.3790322580645161 0 0.5997167640603461
266 1 1 50 25 1 2.6 0 0.5 1 0.6982246328572886
266 1 2 56 16 0 2.6 0 0.2894736842105263 0 0.5997167640603461
269 0 1 65 35 0 2.8 0 0.5378787878787878 0 0.5407521093658001
269 0 2 61 44 1 2.8 0 0.717741935483871 1 0.6805656343490489
269 1 1 50 26 0 2.8 0 0.5196078431372549 0 0.5407521093658001
269 1 2 56 42 1 2.8 0 0.7456140350877193 1 0.6805656343490489
277 0 1 65 50 1 2.23 0 0.7651515151515151 1 0.7259863802078409
277 0 2 61 29 0 2.23 0 0.4758064516129032 0 0.5757139147700042
277 1 1 50 36 1 2.23 0 0.7156862745098039 1 0.7259863802078409
277 1 2 56 38 0 2.23 0 0.6754385964912281 0 0.5757139147700042
279 0 1 65 33 0 1.97 0 0.5075757575757576 0 0.5398109842274127
279 0 2 61 39 1 1.97 0 0.6370967741935484 1 0.7051100922723972
279 1 1 50 22 0 1.97 0 0.4411764705882353 0 0.5398109842274127
279 1 2 56 33 1 1.97 0 0.5877192982456141 1 0.7051100922723972
280 0 1 65 54 1 2.15 0 0.8257575757575758 1 0.7501058236342374
280 0 2 61 45 0 2.15 0 0.7338709677419355 0 0.6408838457867034
280 1 1 50 39 1 2.15 0 0.7745098039215687 1 0.7501058236342374
280 1 2 56 41 0 2.15 0 0.7280701754385965 0 0.6408838457867034
284 0 1 65 36 0 1.92 0 0.553030303030303 0 0.4707248408452818
284 0 2 61 32 1 1.92 0 0.5241935483870968 1 0.6627252444170971
284 1 1 50 20 0 1.92 0 0.4019607843137255 0 0.4707248408452818
284 1 2 56 36 1 1.92 0 0.6403508771929824 1 0.6627252444170971
285 0 1 65 43 1 2.27 0 0.6590909090909091 1 0.6831738953510881
285 0 2 61 28 0 2.27 0 0.4596774193548387 0 0.5505677751954341
285 1 1 50 38 1 2.27 0 0.7549019607843137 1 0.6831738953510881
285 1 2 56 28 0 2.27 0 0.5 0 0.5505677751954341
287 0 1 65 41 0 2.19 0 0.6287878787878788 0 0.5377427194198028
287 0 2 61 33 1 2.19 0 0.5403225806451613 1 0.6475534344509944
287 1 1 50 25 0 2.19 0 0.5 0 0.5377427194198028
287 1 2 56 41 1 2.19 0 0.7280701754385965 1 0.6475534344509944
307 0 1 65 54 1 1.87 0 0.8257575757575758 1 0.7342395187447459
307 0 2 61 42 0 1.87 0 0.6854838709677419 0 0.6455439488717652
307 1 1 50 41 1 1.87 0 0.8137254901960784 1 0.7342395187447459
307 1 2 56 35 0 1.87 0 0.6228070175438597 0 0.6455439488717652
308 0 1 65 56 0 2.2 0 0.8560606060606061 0 0.6248490248871408
308 0 2 61 45 1 2.2 0 0.7338709677419355 1 0.7308066125597619
308 1 1 50 36 0 2.2 0 0.7156862745098039 0 0.6248490248871408
308 1 2 56 42 1 2.2 0 0.7456140350877193 1 0.7308066125597619
314 0 1 65 44 0 1.94 0 0.6742424242424242 0 0.6620555075847226
314 0 2 61 49 1 1.94 0 0.7983870967741935 1 0.7371655859000061
314 1 1 50 31 0 1.94 0 0.6176470588235294 0 0.6620555075847226
314 1 2 56 46 1 1.94 0 0.8157894736842105 1 0.7371655859000061
315 0 1 65 40 1 2.75 0 0.6136363636363636 1 0.6779579235963364
315 0 2 61 29 0 2.75 0 0.4758064516129032 0 0.5683615459755837
315 1 1 50 33 1 2.75 0 0.6568627450980392 1 0.6779579235963364
315 1 2 56 28 0 2.75 0 0.5 0 0.5683615459755837
318 0 1 65 48 0 2.58 0 0.7348484848484849 0 0.6134025901930665
318 0 2 61 46 1 2.58 0 0.75 1 0.7241814830920724
318 1 1 50 38 0 2.58 0 0.7549019607843137 0 0.6134025901930665
318 1 2 56 44 1 2.58 0 0.7807017543859649 1 0.7241814830920724
319 0 1 65 55 1 2.13 0 0.8409090909090909 1 0.7081840992162295
319 0 2 61 46 0 2.13 0 0.75 0 0.6575281328963558
319 1 1 50 41 1 2.13 0 0.8137254901960784 1 0.7081840992162295
319 1 2 56 39 0 2.13 0 0.6929824561403509 0 0.6575281328963558
347 0 1 65 41 1 6.7 1 0.6287878787878788 1 0.7383324933754205
347 0 2 61 5 0 6.7 1 0.0887096774193548 0 0.1161847539315236
347 1 1 50 39 1 6.7 1 0.7745098039215687 1 0.7383324933754205
347 1 2 56 16 0 6.7 1 0.2894736842105263 0 0.1161847539315236
362 0 1 65 44 1 7.17 1 0.6742424242424242 1 0.7600610300255204
362 0 2 61 4 0 7.17 1 0.0725806451612903 0 0.1682487683224081
362 1 1 50 43 1 7.17 1 0.8529411764705882 1 0.7600610300255204
362 1 2 56 5 0 7.17 1 0.0964912280701754 0 0.1682487683224081
365 0 1 65 8 0 6.57 1 0.1287878787878787 0 0.0970423800863413
365 0 2 61 39 1 6.57 1 0.6370967741935484 1 0.6938241708009837
365 1 1 50 1 0 6.57 1 0.0294117647058823 0 0.0970423800863413
365 1 2 56 46 1 6.57 1 0.8157894736842105 1 0.6938241708009837
373 0 1 65 60 1 7.32 1 0.9166666666666666 1 0.7638736894531448
373 0 2 61 11 0 7.32 1 0.1854838709677419 0 0.1746908213633972
373 1 1 50 48 1 7.32 1 0.9509803921568628 1 0.7638736894531448
373 1 2 56 8 0 7.32 1 0.1491228070175438 0 0.1746908213633972
382 0 1 65 8 0 6.86 1 0.1287878787878787 0 0.0799754661151541
382 0 2 61 35 1 6.86 1 0.5725806451612904 1 0.7044605325869567
382 1 1 50 2 0 6.86 1 0.0490196078431372 0 0.0799754661151541
382 1 2 56 41 1 6.86 1 0.7280701754385965 1 0.7044605325869567
385 0 1 65 29 0 1.43 0 0.4469696969696969 0 0.5341972487945259
385 0 2 61 38 1 1.43 0 0.6209677419354839 1 0.6859069274928487
385 1 1 50 20 0 1.43 0 0.4019607843137255 0 0.5341972487945259
385 1 2 56 36 1 1.43 0 0.6403508771929824 1 0.6859069274928487
391 0 1 65 40 0 1.73 0 0.6136363636363636 0 0.6589093119908377
391 0 2 61 41 1 1.73 0 0.6693548387096774 1 0.7218833290262334
391 1 1 50 32 0 1.73 0 0.6372549019607843 0 0.6589093119908377
391 1 2 56 39 1 1.73 0 0.6929824561403509 1 0.7218833290262334
396 0 1 65 45 1 1.85 0 0.6893939393939394 1 0.7251122288602815
396 0 2 61 31 0 1.85 0 0.5080645161290323 0 0.6540235814420908
396 1 1 50 37 1 1.85 0 0.7352941176470589 1 0.7251122288602815
396 1 2 56 35 0 1.85 0 0.6228070175438597 0 0.6540235814420908
397 0 1 65 45 1 1.77 0 0.6893939393939394 1 0.7073116764680866
397 0 2 61 38 0 1.77 0 0.6209677419354839 0 0.5622222835306404
397 1 1 50 39 1 1.77 0 0.7745098039215687 1 0.7073116764680866
397 1 2 56 34 0 1.77 0 0.6052631578947368 0 0.5622222835306404
398 0 1 65 41 1 1.43 0 0.6287878787878788 1 0.6579866459416636
398 0 2 61 44 0 1.43 0 0.717741935483871 0 0.6194738121813984
398 1 1 50 36 1 1.43 0 0.7156862745098039 1 0.6579866459416636
398 1 2 56 39 0 1.43 0 0.6929824561403509 0 0.6194738121813984
400 0 1 65 29 0 1.71 0 0.4469696969696969 0 0.5525133848590931
400 0 2 61 28 1 1.71 0 0.4596774193548387 1 0.6938535118347514
400 1 1 50 14 0 1.71 0 0.284313725490196 0 0.5525133848590931
400 1 2 56 33 1 1.71 0 0.5877192982456141 1 0.6938535118347514
420 0 1 65 39 1 7.61 1 0.5984848484848485 1 0.7829195782688014
420 0 2 61 11 0 7.61 1 0.1854838709677419 0 0.2499607519929322
420 1 1 50 38 1 7.61 1 0.7549019607843137 1 0.7829195782688014
420 1 2 56 14 0 7.61 1 0.2543859649122807 0 0.2499607519929322
433 0 1 65 49 1 7.18 1 0.75 1 0.765479796250807
433 0 2 61 13 0 7.18 1 0.2177419354838709 0 0.2225237488552697
433 1 1 50 41 1 7.18 1 0.8137254901960784 1 0.765479796250807
433 1 2 56 12 0 7.18 1 0.219298245614035 0 0.2225237488552697
445 0 1 65 0 0 7.58 1 0.0075757575757575 0 0.1300888921263603
445 0 2 61 43 1 7.58 1 0.7016129032258065 1 0.7331408254625068
445 1 1 50 1 0 7.58 1 0.0294117647058823 0 0.1300888921263603
445 1 2 56 49 1 7.58 1 0.868421052631579 1 0.7331408254625068
447 0 1 65 13 0 7.79 1 0.2045454545454545 0 0.1608137823437041
447 0 2 61 47 1 7.79 1 0.7661290322580645 1 0.7394492632647418
447 1 1 50 11 0 7.79 1 0.2254901960784313 0 0.1608137823437041
447 1 2 56 50 1 7.79 1 0.8859649122807017 1 0.7394492632647418
451 0 1 65 48 1 1.86 0 0.7348484848484849 1 0.6409381085720016
451 0 2 61 26 0 1.86 0 0.4274193548387097 0 0.5684615076419076
451 1 1 50 43 1 1.86 0 0.8529411764705882 1 0.6409381085720016
451 1 2 56 19 0 1.86 0 0.3421052631578947 0 0.5684615076419076
452 0 1 65 36 0 1.8 0 0.553030303030303 0 0.5248751024867802
452 0 2 61 36 1 1.8 0 0.5887096774193549 1 0.6988940141559123
452 1 1 50 33 0 1.8 0 0.6568627450980392 0 0.5248751024867802
452 1 2 56 39 1 1.8 0 0.6929824561403509 1 0.6988940141559123
456 0 1 65 20 0 1.5 0 0.3106060606060606 0 0.3765993819063687
456 0 2 61 44 1 1.5 0 0.717741935483871 1 0.6282354396604674
456 1 1 50 14 0 1.5 0 0.284313725490196 0 0.3765993819063687
456 1 2 56 47 1 1.5 0 0.8333333333333334 1 0.6282354396604674
459 0 1 65 29 0 1.82 0 0.4469696969696969 0 0.5880319630074462
459 0 2 61 29 1 1.82 0 0.4758064516129032 1 0.7051885236384329
459 1 1 50 21 0 1.82 0 0.4215686274509804 0 0.5880319630074462
459 1 2 56 40 1 1.82 0 0.7105263157894737 1 0.7051885236384329
463 0 1 65 43 1 2.0 0 0.6590909090909091 1 0.5934967091954299
463 0 2 61 22 0 2.0 0 0.3629032258064516 0 0.4658820020004574
463 1 1 50 42 1 2.0 0 0.8333333333333334 1 0.5934967091954299
463 1 2 56 25 0 2.0 0 0.4473684210526316 0 0.4658820020004574
464 0 1 65 49 1 1.93 0 0.75 1 0.5833290695310871
464 0 2 61 23 0 1.93 0 0.3790322580645161 0 0.3976091621817607
464 1 1 50 37 1 1.93 0 0.7352941176470589 1 0.5833290695310871
464 1 2 56 21 0 1.93 0 0.3771929824561403 0 0.3976091621817607
465 0 1 65 36 1 2.7 0 0.553030303030303 1 0.6739196578627626
465 0 2 61 24 0 2.7 0 0.3951612903225806 0 0.5442509370649
465 1 1 50 25 1 2.7 0 0.5 1 0.6739196578627626
465 1 2 56 23 0 2.7 0 0.4122807017543859 0 0.5442509370649
466 0 1 65 29 0 2.9 0 0.4469696969696969 0 0.4551056074392807
466 0 2 61 30 1 2.9 0 0.4919354838709677 1 0.6821184902704366
466 1 1 50 6 0 2.9 0 0.1274509803921568 0 0.4551056074392807
466 1 2 56 26 1 2.9 0 0.4649122807017544 1 0.6821184902704366
467 0 1 65 29 0 1.95 0 0.4469696969696969 0 0.413858979364109
467 0 2 61 33 1 1.95 0 0.5403225806451613 1 0.6280228610053024
467 1 1 50 18 0 1.95 0 0.3627450980392157 0 0.413858979364109
467 1 2 56 39 1 1.95 0 0.6929824561403509 1 0.6280228610053024
471 0 1 65 28 0 2.73 0 0.4318181818181818 0 0.559736996000432
471 0 2 61 35 1 2.73 0 0.5725806451612904 1 0.703451203407967
471 1 1 50 21 0 2.73 0 0.4215686274509804 0 0.559736996000432
471 1 2 56 38 1 2.73 0 0.6754385964912281 1 0.703451203407967
472 0 1 65 39 1 2.55 0 0.5984848484848485 1 0.6474697272877841
472 0 2 61 22 0 2.55 0 0.3629032258064516 0 0.4893455340189624
472 1 1 50 24 1 2.55 0 0.4803921568627451 1 0.6474697272877841
472 1 2 56 14 0 2.55 0 0.2543859649122807 0 0.4893455340189624
476 0 1 65 46 1 2.48 0 0.7045454545454546 1 0.66630129835824
476 0 2 61 32 0 2.48 0 0.5241935483870968 0 0.5538840409675121
476 1 1 50 40 1 2.48 0 0.7941176470588235 1 0.66630129835824
476 1 2 56 32 0 2.48 0 0.5701754385964912 0 0.5538840409675121
